(setq emacspeak-2048-game-stack 
'([cl-struct-emacspeak-2048-game-state
  [128 1024 4096 2048 1024 32 16384 512 256 128 0 2 8 16 2 0 0 2 4 8]
  285444 4 5]
 [cl-struct-emacspeak-2048-game-state
  [128 1024 4096 2048 1024 32 16384 512 256 64 2 0 2 0 16 0 0 0 2 8]
  284992 4 5]
 [cl-struct-emacspeak-2048-game-state
  [128 1024 4096 2048 1024 32 16384 512 128 64 2 8 16 64 8 0 2 4 4 0]
  284316 4 5]
 [cl-struct-emacspeak-2048-game-state
  [128 1024 4096 2048 1024 32 16384 512 128 32 0 4 8 64 0 2 0 2 2 0]
  284072 4 5]
 [cl-struct-emacspeak-2048-game-state
  [128 1024 4096 2048 1024 32 16384 512 128 4 2 8 32 0 0 4 0 0 0 2]
  283764 4 5]
 [cl-struct-emacspeak-2048-game-state
  [128 1024 4096 2048 1024 32 16384 512 64 8 2 2 4 16 2 2 0 0 0 0]
  283236 4 5]
 [cl-struct-emacspeak-2048-game-state
  [128 1024 4096 2048 1024 32 16384 512 4 0 2 4 16 0 0 4 2 0 0 2]
  282916 4 5]
 [cl-struct-emacspeak-2048-game-state
  [128 1024 4096 2048 1024 32 16384 512 2 0 2 4 8 4 2 4 0 0 0 0]
  282888 4 5]
 [cl-struct-emacspeak-2048-game-state
  [128 1024 4096 2048 1024 32 16384 512 2 0 2 4 8 4 2 4 0 0 0 0]
  282888 4 5]
 [cl-struct-emacspeak-2048-game-state
  [128 1024 4096 2048 1024 32 16384 512 2 0 2 4 8 4 2 4 0 0 0 0]
  282888 4 5]
 [cl-struct-emacspeak-2048-game-state
  [128 1024 4096 2048 1024 32 16384 512 2 0 2 4 8 4 2 4 0 0 0 0]
  282888 4 5]
 [cl-struct-emacspeak-2048-game-state
  [128 1024 4096 2048 1024 32 16384 512 2 0 2 4 8 4 2 4 0 0 0 0]
  282888 4 5]
 [cl-struct-emacspeak-2048-game-state
  [128 1024 4096 2048 1024 32 16384 512 2 0 2 4 8 4 2 4 0 0 0 0]
  282888 4 5]
 [cl-struct-emacspeak-2048-game-state
  [128 1024 4096 2048 1024 32 16384 512 2 0 2 4 8 4 2 4 0 0 0 0]
  282888 4 5]
 [cl-struct-emacspeak-2048-game-state
  [128 1024 4096 2048 1024 32 16384 512 2 0 2 4 8 4 2 4 0 0 0 0]
  282888 4 5]
 [cl-struct-emacspeak-2048-game-state
  [128 1024 4096 2048 1024 32 16384 256 64 16 4 8 32 8 0 2 4 16 0 2]
  281168 4 5]
 [cl-struct-emacspeak-2048-game-state
  [128 1024 4096 2048 1024 32 16384 256 64 16 4 8 32 8 0 2 4 16 0 2]
  281168 4 5]
 [cl-struct-emacspeak-2048-game-state
  [128 1024 4096 2048 1024 32 16384 256 64 16 2 2 8 32 8 0 0 2 4 16]
  281164 4 5]
 [cl-struct-emacspeak-2048-game-state
  [128 1024 4096 2048 1024 32 16384 256 16 0 4 32 4 2 0 8 0 2 0 0]
  280796 4 5]
 [cl-struct-emacspeak-2048-game-state
  [128 1024 4096 2048 1024 16 8 16384 256 2 32 4 0 0 2 4 0 0 0 0]
  280676 4 5]
 [cl-struct-emacspeak-2048-game-state
  [128 1024 4096 2048 1024 16 8 16384 256 2 32 0 0 2 0 2 0 0 0 0]
  280668 4 5]
 [cl-struct-emacspeak-2048-game-state
  [128 512 4096 2048 1024 64 128 256 16384 256 32 8 4 2 2 8 4 0 0 2]
  278416 4 5]
 [cl-struct-emacspeak-2048-game-state
  [128 512 4096 2048 1024 64 128 256 16384 256 32 8 4 2 0 8 2 2 0 0]
  278412 4 5]
 [cl-struct-emacspeak-2048-game-state
  [128 512 4096 2048 1024 8 64 256 16384 256 4 8 16 64 16 4 2 0 0 2]
  277948 4 5]
 [cl-struct-emacspeak-2048-game-state
  [128 512 4096 2048 1024 8 64 256 16384 256 4 8 16 64 16 4 2 0 0 2]
  277948 4 5]
 [cl-struct-emacspeak-2048-game-state
  [128 512 4096 2048 1024 8 64 256 16384 256 4 8 16 64 16 4 2 0 0 2]
  277948 4 5]
 [cl-struct-emacspeak-2048-game-state
  [128 512 4096 2048 1024 2 64 256 16384 256 0 4 16 8 2 0 0 0 0 2]
  277576 4 5]
 [cl-struct-emacspeak-2048-game-state
  [128 512 4096 2048 1024 2 64 256 16384 256 4 16 8 0 2 0 0 0 0 0]
  277576 4 5]
 [cl-struct-emacspeak-2048-game-state
  [128 512 4096 2048 1024 2 64 256 16384 256 0 2 2 16 8 0 0 0 0 0]
  277572 4 5]
 [cl-struct-emacspeak-2048-game-state
  [128 512 4096 2048 1024 8 128 16384 128 64 0 4 64 32 16 0 0 2 0 2]
  276024 4 5]
 [cl-struct-emacspeak-2048-game-state
  [128 512 4096 2048 1024 8 128 16384 128 64 0 4 64 32 16 0 0 2 0 2]
  276024 4 5]
 [cl-struct-emacspeak-2048-game-state
  [128 512 4096 2048 1024 8 128 16384 128 64 0 4 64 32 16 0 0 2 0 2]
  276024 4 5]
 [cl-struct-emacspeak-2048-game-state
  [64 512 4096 2048 1024 8 128 16384 64 32 4 8 16 64 0 2 8 2 2 0]
  274856 4 5]
 [cl-struct-emacspeak-2048-game-state
  [16 512 4096 2048 1024 4 128 16384 8 2 4 8 4 0 0 0 0 0 0 2]
  273792 4 5]
 [cl-struct-emacspeak-2048-game-state
  [8 512 4096 2048 1024 2 16 64 16384 8 2 0 32 4 2 0 0 0 4 8]
  273488 4 5]
 [cl-struct-emacspeak-2048-game-state
  [0 512 4096 2048 1024 4 16 64 16384 8 0 0 4 8 16 0 4 0 2 4]
  273404 4 5]
 [cl-struct-emacspeak-2048-game-state
  [512 4096 2048 512 256 16 64 16384 128 64 0 0 0 4 16 0 0 2 0 4]
  271152 4 5]
 [cl-struct-emacspeak-2048-game-state
  [512 4096 2048 512 256 8 16384 16 4 2 2 8 2 0 0 0 0 0 0 0]
  269768 4 5]
 [cl-struct-emacspeak-2048-game-state
  [256 4096 2048 512 256 2 64 128 16384 4 0 2 4 8 2 0 2 0 0 0]
  268512 4 5]
 [cl-struct-emacspeak-2048-game-state
  [256 4096 2048 512 128 64 128 16384 64 32 8 16 4 2 2 2 4 0 0 0]
  267984 4 5]
 [cl-struct-emacspeak-2048-game-state
  [128 4096 2048 512 64 32 64 128 16384 32 8 32 8 4 0 0 2 4 0 2]
  266472 4 5]
 [cl-struct-emacspeak-2048-game-state
  [128 4096 2048 512 64 32 64 128 16384 32 2 16 16 8 2 0 2 4 0 0]
  266424 4 5]
 [cl-struct-emacspeak-2048-game-state
  [128 4096 2048 512 32 2 64 16384 4 2 4 8 2 2 0 0 0 0 0 0]
  265148 4 5]
 [cl-struct-emacspeak-2048-game-state
  [64 4096 2048 512 32 4 32 64 16384 4 2 4 8 4 0 0 0 0 0 2]
  264844 4 5]
 [cl-struct-emacspeak-2048-game-state
  [64 4096 2048 256 256 2 32 64 16384 32 0 2 4 8 4 0 2 0 0 0]
  264324 4 5]
 [cl-struct-emacspeak-2048-game-state
  [64 4096 2048 256 128 32 64 16384 64 32 2 4 32 4 4 0 2 2 8 0]
  263752 4 5]
 [cl-struct-emacspeak-2048-game-state
  [64 4096 2048 256 128 32 64 16384 64 32 4 32 4 0 2 2 8 2 0 0]
  263748 4 5]
 [cl-struct-emacspeak-2048-game-state
  [64 4096 2048 256 128 32 64 16384 64 32 0 0 2 32 4 0 0 2 8 2]
  263744 4 5]
 [cl-struct-emacspeak-2048-game-state
  [64 4096 2048 256 128 32 64 16384 64 32 2 32 2 2 0 8 2 0 0 0]
  263740 4 5]
 [cl-struct-emacspeak-2048-game-state
  [64 4096 2048 256 128 32 64 16384 64 32 2 32 2 2 0 8 2 0 0 0]
  263740 4 5]
 [cl-struct-emacspeak-2048-game-state
  [64 4096 2048 256 128 32 64 16384 64 32 2 32 2 2 0 8 2 0 0 0]
  263740 4 5]
 [cl-struct-emacspeak-2048-game-state
  [64 4096 2048 256 128 32 64 16384 64 32 2 32 2 2 0 8 2 0 0 0]
  263740 4 5]
 [cl-struct-emacspeak-2048-game-state
  [32 4096 2048 256 64 0 16 16384 64 16 0 2 0 2 4 2 0 0 0 0]
  262528 4 5]
 [cl-struct-emacspeak-2048-game-state
  [32 4096 2048 256 64 0 16 16384 64 16 0 2 0 2 4 2 0 0 0 0]
  262528 4 5]
 [cl-struct-emacspeak-2048-game-state
  [32 4096 2048 256 64 16 16384 4 2 8 8 4 2 0 0 2 0 0 0 0]
  262200 4 5]
 [cl-struct-emacspeak-2048-game-state
  [16 4096 2048 256 64 8 16384 4 0 0 8 4 2 0 0 4 0 0 2 0]
  262088 4 5]
 [cl-struct-emacspeak-2048-game-state
  [2 4096 2048 128 64 0 2 4 16384 128 0 0 4 2 8 0 0 0 8 2]
  261788 4 5]
 [cl-struct-emacspeak-2048-game-state
  [2 4096 2048 128 64 0 2 2 16384 128 0 0 0 2 8 0 0 0 8 2]
  261784 4 5]
 [cl-struct-emacspeak-2048-game-state
  [2 4096 2048 128 64 0 2 2 16384 128 0 0 0 2 8 0 0 0 8 2]
  261784 4 5]
 [cl-struct-emacspeak-2048-game-state
  [2 4096 1024 128 64 512 128 256 16384 128 128 2 0 2 0 4 4 0 0 0]
  257920 4 5]
 [cl-struct-emacspeak-2048-game-state
  [2 4096 1024 128 64 512 128 256 16384 128 64 32 8 8 2 4 0 0 0 2]
  257628 4 5]
 [cl-struct-emacspeak-2048-game-state
  [2 4096 1024 128 64 512 128 256 16384 128 64 16 8 4 2 16 2 0 0 0]
  257580 4 5]
 [cl-struct-emacspeak-2048-game-state
  [2 4096 1024 128 64 512 128 256 16384 128 64 16 2 0 0 8 0 0 2 0]
  257532 4 5]
 [cl-struct-emacspeak-2048-game-state
  [512 4096 1024 128 64 16 64 256 16384 128 4 32 4 16 8 4 8 16 4 2]
  257028 4 5]
 [cl-struct-emacspeak-2048-game-state
  [512 4096 1024 128 64 16 64 256 16384 128 2 32 4 16 4 2 8 16 4 4]
  257012 4 5]
 [cl-struct-emacspeak-2048-game-state
  [512 4096 1024 128 64 16 64 256 16384 128 2 32 4 16 4 4 4 16 4 2]
  257000 4 5]
 [cl-struct-emacspeak-2048-game-state
  [512 4096 1024 128 64 16 64 256 16384 128 2 32 4 16 4 4 4 16 4 2]
  257000 4 5]
 [cl-struct-emacspeak-2048-game-state
  [512 4096 1024 128 64 4 64 256 16384 128 2 32 4 16 4 4 16 0 2 0]
  256952 4 5]
 [cl-struct-emacspeak-2048-game-state
  [512 4096 1024 128 64 4 64 256 16384 128 2 32 4 16 4 4 16 0 2 0]
  256952 4 5]
 [cl-struct-emacspeak-2048-game-state
  [512 4096 1024 128 64 64 256 16384 64 64 2 16 4 8 4 0 2 0 4 0]
  256672 4 5]
 [cl-struct-emacspeak-2048-game-state
  [512 4096 1024 128 64 64 256 16384 32 2 16 8 0 4 0 2 0 2 0 0]
  256172 4 5]
 [cl-struct-emacspeak-2048-game-state
  [512 4096 1024 128 64 64 256 16384 32 2 8 8 4 0 0 0 0 0 0 2]
  256148 4 5]
 [cl-struct-emacspeak-2048-game-state
  [512 4096 1024 128 64 16 8 256 16384 8 0 2 8 4 0 0 2 0 2 0]
  255788 4 5]
 [cl-struct-emacspeak-2048-game-state
  [512 4096 1024 128 64 16 8 256 16384 8 0 2 8 4 0 0 2 0 2 0]
  255788 4 5]
 [cl-struct-emacspeak-2048-game-state
  [512 4096 1024 64 16 16 32 64 16384 64 4 8 32 2 0 0 4 0 0 2]
  254176 4 5]
 [cl-struct-emacspeak-2048-game-state
  [512 4096 1024 64 16 16 32 64 16384 64 4 8 32 2 0 0 4 0 0 2]
  254176 4 5]
 [cl-struct-emacspeak-2048-game-state
  [512 4096 1024 64 16 16 32 64 16384 64 2 0 2 4 16 0 2 0 8 2]
  254092 4 5]
 [cl-struct-emacspeak-2048-game-state
  [512 4096 1024 64 16 16 32 64 16384 64 2 0 2 4 16 0 2 0 8 2]
  254092 4 5]
 [cl-struct-emacspeak-2048-game-state
  [512 4096 1024 64 2 64 16384 8 8 16 0 2 0 16 4 0 0 0 2 0]
  253640 4 5]
 [cl-struct-emacspeak-2048-game-state
  [512 4096 1024 64 2 64 16384 4 8 0 2 4 8 2 16 2 4 0 0 0]
  253600 4 5]
 [cl-struct-emacspeak-2048-game-state
  [512 4096 1024 64 2 64 16384 4 8 0 2 4 8 2 16 2 4 0 0 0]
  253600 4 5]
 [cl-struct-emacspeak-2048-game-state
  [512 4096 512 256 64 64 16384 128 64 8 0 4 32 16 2 2 0 0 8 4]
  251492 4 5]
 [cl-struct-emacspeak-2048-game-state
  [512 4096 512 256 64 64 16384 128 4 0 16 2 8 2 0 8 0 0 0 0]
  251052 4 5]
 [cl-struct-emacspeak-2048-game-state
  [512 4096 512 256 64 64 16384 16 64 2 0 2 8 32 4 0 4 0 8 2]
  250736 4 5]
 [cl-struct-emacspeak-2048-game-state
  [512 4096 512 256 32 64 16384 16 64 16 4 32 8 4 2 0 2 0 0 4]
  250584 4 5]
 [cl-struct-emacspeak-2048-game-state
  [512 4096 512 256 2 2 8 16384 8 32 0 32 16 4 2 0 0 2 8 2]
  249940 4 5]
 [cl-struct-emacspeak-2048-game-state
  [512 4096 512 128 2 8 16384 128 32 0 32 16 4 2 0 4 2 2 0 0]
  249664 4 5]
 [cl-struct-emacspeak-2048-game-state
  [512 4096 512 128 2 8 16384 128 32 0 32 16 4 2 0 4 2 2 0 0]
  249664 4 5]
 [cl-struct-emacspeak-2048-game-state
  [512 4096 512 128 0 8 16384 128 32 2 32 16 4 0 0 4 2 0 2 0]
  249664 4 5]
 [cl-struct-emacspeak-2048-game-state
  [128 256 4096 512 128 32 64 16384 128 32 2 8 32 16 2 0 2 0 2 4]
  248576 4 5]
 [cl-struct-emacspeak-2048-game-state
  [128 256 4096 512 128 32 64 16384 128 32 0 8 32 16 2 0 0 2 0 4]
  248576 4 5]
 [cl-struct-emacspeak-2048-game-state
  [128 256 4096 512 128 32 64 16384 128 32 8 32 8 8 2 0 4 0 0 0]
  248560 4 5]
 [cl-struct-emacspeak-2048-game-state
  [128 256 4096 512 128 16 64 16384 128 32 8 32 4 2 0 4 0 2 0 0]
  248460 4 5]
 [cl-struct-emacspeak-2048-game-state
  [128 256 4096 512 128 16 64 16384 128 32 8 32 4 2 0 4 0 2 0 0]
  248460 4 5]
 [cl-struct-emacspeak-2048-game-state
  [64 256 4096 512 128 8 16384 64 32 2 4 16 8 0 0 0 4 2 2 0]
  247168 4 5]
 [cl-struct-emacspeak-2048-game-state
  [64 256 4096 512 128 8 16384 64 32 2 4 16 8 0 0 0 4 2 2 0]
  247168 4 5]
 [cl-struct-emacspeak-2048-game-state
  [64 256 4096 512 128 4 16384 64 32 0 4 16 4 0 0 0 0 0 0 2]
  247144 4 5]
 [cl-struct-emacspeak-2048-game-state
  [64 256 4096 512 128 4 16384 64 32 0 4 16 4 0 0 0 0 0 0 2]
  247144 4 5]
 [cl-struct-emacspeak-2048-game-state
  [64 256 4096 512 128 0 4 16384 64 32 0 0 2 16 4 0 0 0 0 0]
  247140 4 5]
 [cl-struct-emacspeak-2048-game-state
  [64 256 4096 512 128 0 0 16384 64 16 0 0 16 8 4 0 2 4 0 0]
  247076 4 5]
 [cl-struct-emacspeak-2048-game-state
  [64 128 4096 512 128 0 16 64 16384 64 0 2 4 2 8 0 0 0 0 0]
  246332 4 5]
 [cl-struct-emacspeak-2048-game-state
  [64 128 4096 512 128 0 16 64 16384 64 0 2 4 2 8 0 0 0 0 0]
  246332 4 5]
 [cl-struct-emacspeak-2048-game-state
  [64 128 4096 512 128 0 16 64 16384 64 0 2 4 2 8 0 0 0 0 0]
  246332 4 5]
 [cl-struct-emacspeak-2048-game-state
  [64 128 4096 512 128 16 64 16384 32 32 0 4 2 4 4 0 0 0 0 0]
  246260 4 5]
 [cl-struct-emacspeak-2048-game-state
  [32 128 4096 512 128 8 64 16384 16 32 4 16 2 8 4 2 0 0 2 0]
  246024 4 5]
 [cl-struct-emacspeak-2048-game-state
  [2 128 4096 512 128 0 32 16384 4 32 0 2 4 0 16 0 4 0 0 4]
  245644 4 5]
 [cl-struct-emacspeak-2048-game-state
  [2 128 4096 256 128 32 16384 128 64 8 0 0 4 16 4 0 0 2 4 2]
  244324 4 5]
 [cl-struct-emacspeak-2048-game-state
  [32 128 4096 256 128 4 16384 128 64 8 2 4 2 4 2 0 0 0 0 0]
  244276 4 5]
 [cl-struct-emacspeak-2048-game-state
  [8 128 4096 256 128 4 16 16384 128 32 4 4 8 4 0 0 0 0 0 2]
  244032 4 5]
 [cl-struct-emacspeak-2048-game-state
  [8 128 4096 256 128 4 16 16384 128 32 4 4 8 4 0 0 0 0 0 2]
  244032 4 5]
 [cl-struct-emacspeak-2048-game-state
  [8 128 4096 256 128 4 16 16384 128 32 4 4 8 4 0 0 0 0 0 2]
  244032 4 5]
 [cl-struct-emacspeak-2048-game-state
  [8 128 4096 256 128 2 16 16384 128 16 0 4 8 4 8 2 2 0 0 4]
  243964 4 5]
 [cl-struct-emacspeak-2048-game-state
  [8 128 4096 256 128 2 16 16384 128 16 0 4 8 4 8 2 2 0 0 4]
  243964 4 5]
 [cl-struct-emacspeak-2048-game-state
  [2 128 4096 256 128 4 8 16384 64 16 2 4 32 16 4 2 0 2 4 2]
  243624 4 5]
 [cl-struct-emacspeak-2048-game-state
  [2 128 4096 256 128 4 8 16384 64 16 2 4 32 16 4 2 0 2 4 2]
  243624 4 5]
 [cl-struct-emacspeak-2048-game-state
  [2 128 4096 256 128 4 8 16384 64 16 2 4 32 16 4 2 0 2 4 2]
  243624 4 5]
 [cl-struct-emacspeak-2048-game-state
  [16 8 4096 256 128 8 64 16384 64 0 2 4 8 2 0 0 0 2 4 0]
  243052 4 5]
 [cl-struct-emacspeak-2048-game-state
  [16 8 4096 256 128 8 64 16384 64 0 2 4 8 2 0 0 0 2 4 0]
  243052 4 5]
 [cl-struct-emacspeak-2048-game-state
  [16 8 4096 256 128 0 4 32 16384 64 0 0 4 32 8 0 0 2 4 2]
  242980 4 5]
 [cl-struct-emacspeak-2048-game-state
  [8 4 4096 256 128 4 2 32 16384 64 2 0 0 32 8 0 0 0 4 2]
  242932 4 5]
 [cl-struct-emacspeak-2048-game-state
  [8 4 4096 256 128 4 2 32 16384 64 2 0 0 32 8 0 0 0 4 2]
  242932 4 5]
 [cl-struct-emacspeak-2048-game-state
  [8 4 4096 256 128 4 2 32 16384 64 2 0 0 32 8 0 0 0 4 2]
  242932 4 5]
 [cl-struct-emacspeak-2048-game-state
  [8 4 4096 256 128 0 2 16 16384 64 0 0 32 4 16 0 0 2 2 0]
  242888 4 5]
 [cl-struct-emacspeak-2048-game-state
  [8 4 4096 256 128 0 2 16 16384 64 0 0 32 4 16 0 0 2 2 0]
  242888 4 5]
 [cl-struct-emacspeak-2048-game-state
  [2 2048 1024 256 128 256 256 512 16384 64 8 32 16 4 2 0 2 8 0 2]
  235172 4 5]
 [cl-struct-emacspeak-2048-game-state
  [128 2048 1024 256 128 32 256 512 16384 64 2 32 64 32 16 2 4 2 8 2]
  234708 4 5]
 [cl-struct-emacspeak-2048-game-state
  [128 2048 1024 256 128 32 256 512 16384 64 2 32 64 32 16 4 0 0 2 8]
  234708 4 5]
 [cl-struct-emacspeak-2048-game-state
  [128 2048 1024 256 128 32 256 512 16384 64 2 32 64 32 16 0 4 2 2 0]
  234696 4 5]
 [cl-struct-emacspeak-2048-game-state
  [128 2048 1024 256 128 16 256 512 16384 64 0 32 64 32 8 2 0 0 2 8]
  234596 4 5]
 [cl-struct-emacspeak-2048-game-state
  [128 2048 1024 256 128 16 256 512 16384 64 0 32 64 32 8 2 0 0 2 8]
  234596 4 5]
 [cl-struct-emacspeak-2048-game-state
  [128 2048 1024 256 128 16 256 512 16384 64 0 32 64 32 8 2 2 0 2 2]
  234580 4 5]
 [cl-struct-emacspeak-2048-game-state
  [128 2048 1024 256 128 16 256 512 16384 64 0 32 64 32 8 2 2 0 2 2]
  234580 4 5]
 [cl-struct-emacspeak-2048-game-state
  [128 2048 1024 256 128 128 128 512 16384 64 4 64 16 4 0 2 4 2 0 0]
  234076 4 5]
 [cl-struct-emacspeak-2048-game-state
  [128 2048 1024 256 128 64 128 512 16384 64 32 64 8 4 0 0 2 4 2 0]
  233728 4 5]
 [cl-struct-emacspeak-2048-game-state
  [128 2048 1024 256 128 64 128 512 16384 64 8 8 64 8 2 16 0 2 4 0]
  233676 4 5]
 [cl-struct-emacspeak-2048-game-state
  [128 2048 1024 256 128 64 128 512 16384 64 8 8 64 8 2 16 0 2 4 0]
  233676 4 5]
 [cl-struct-emacspeak-2048-game-state
  [128 2048 1024 256 128 64 128 512 16384 64 2 4 2 64 8 2 0 8 4 4]
  233624 4 5]
 [cl-struct-emacspeak-2048-game-state
  [128 2048 1024 256 128 64 128 512 16384 64 0 4 2 64 4 0 0 8 4 2]
  233612 4 5]
 [cl-struct-emacspeak-2048-game-state
  [128 2048 1024 256 128 64 128 512 16384 64 0 4 2 64 4 0 0 8 4 2]
  233612 4 5]
 [cl-struct-emacspeak-2048-game-state
  [128 2048 1024 256 128 64 128 512 16384 64 2 32 16 8 4 0 4 2 4 0]
  233476 4 5]
 [cl-struct-emacspeak-2048-game-state
  [128 2048 1024 256 128 64 128 512 16384 64 2 32 16 8 4 0 4 2 4 0]
  233476 4 5]
 [cl-struct-emacspeak-2048-game-state
  [128 2048 1024 256 128 64 128 512 16384 64 2 32 16 8 4 0 4 2 4 0]
  233476 4 5]
 [cl-struct-emacspeak-2048-game-state
  [128 2048 1024 256 128 64 128 512 16384 64 2 32 16 8 4 0 4 2 4 0]
  233476 4 5]
 [cl-struct-emacspeak-2048-game-state
  [128 2048 1024 256 128 16 128 512 16384 64 4 32 16 4 4 0 4 0 2 0]
  233200 4 5]
 [cl-struct-emacspeak-2048-game-state
  [128 2048 1024 256 128 4 128 512 16384 64 0 4 32 16 4 0 2 0 4 2]
  233156 4 5]
 [cl-struct-emacspeak-2048-game-state
  [64 2048 1024 256 128 32 128 512 16384 64 2 4 8 32 16 0 2 0 2 0]
  232840 4 5]
 [cl-struct-emacspeak-2048-game-state
  [64 2048 1024 256 128 32 128 512 16384 64 2 4 8 32 16 0 2 0 2 0]
  232840 4 5]
 [cl-struct-emacspeak-2048-game-state
  [64 2048 1024 256 128 32 128 512 16384 64 2 4 8 32 8 0 0 0 4 4]
  232816 4 5]
 [cl-struct-emacspeak-2048-game-state
  [64 2048 1024 256 128 32 128 512 16384 64 0 4 8 32 4 0 0 2 2 4]
  232800 4 5]
 [cl-struct-emacspeak-2048-game-state
  [64 2048 1024 256 128 32 128 512 16384 64 0 4 8 32 4 0 2 0 2 2]
  232796 4 5]
 [cl-struct-emacspeak-2048-game-state
  [64 2048 1024 256 128 32 128 512 16384 32 4 8 32 16 8 0 0 2 4 4]
  232672 4 5]
 [cl-struct-emacspeak-2048-game-state
  [64 2048 1024 256 128 32 128 512 16384 32 4 8 32 16 8 0 0 2 4 4]
  232672 4 5]
 [cl-struct-emacspeak-2048-game-state
  [64 2048 1024 256 128 32 128 512 16384 32 4 8 32 16 8 0 0 2 4 4]
  232672 4 5]
 [cl-struct-emacspeak-2048-game-state
  [64 2048 1024 256 128 32 128 512 16384 16 2 32 4 2 2 8 4 0 0 0]
  232536 4 5]
 [cl-struct-emacspeak-2048-game-state
  [64 2048 1024 256 128 32 128 512 16384 16 2 32 4 2 2 8 4 0 0 0]
  232536 4 5]
 [cl-struct-emacspeak-2048-game-state
  [64 2048 1024 256 128 32 128 512 16384 16 2 32 4 2 2 8 4 0 0 0]
  232536 4 5]
 [cl-struct-emacspeak-2048-game-state
  [64 2048 1024 256 128 32 128 512 16384 16 2 0 16 8 8 2 0 2 4 0]
  232468 4 5]
 [cl-struct-emacspeak-2048-game-state
  [64 2048 1024 256 128 32 128 512 16384 16 2 0 16 8 8 2 0 2 4 0]
  232468 4 5]
 [cl-struct-emacspeak-2048-game-state
  [64 2048 1024 256 128 16 64 512 16384 16 2 2 2 32 4 0 0 4 8 2]
  232012 4 5]
 [cl-struct-emacspeak-2048-game-state
  [64 2048 1024 256 128 16 64 512 16384 16 2 2 2 32 4 0 0 4 8 2]
  232012 4 5]
 [cl-struct-emacspeak-2048-game-state
  [64 2048 1024 256 128 8 64 512 16384 16 4 0 4 32 4 2 0 0 8 0]
  231988 4 5]
 [cl-struct-emacspeak-2048-game-state
  [64 2048 1024 256 128 4 64 512 16384 16 0 2 0 16 8 0 0 4 4 2]
  231896 4 5]
 [cl-struct-emacspeak-2048-game-state
  [64 2048 1024 256 128 4 64 512 16384 16 0 2 0 16 8 0 0 4 4 2]
  231896 4 5]
 [cl-struct-emacspeak-2048-game-state
  [64 2048 1024 256 128 4 32 512 16384 8 4 0 4 8 4 0 0 0 0 0]
  231636 4 5]
 [cl-struct-emacspeak-2048-game-state
  [8 2048 1024 128 32 512 16384 32 16 4 0 0 4 4 0 0 0 2 2 0]
  229724 4 5]
 [cl-struct-emacspeak-2048-game-state
  [8 2048 1024 128 16 0 512 16384 32 16 2 0 0 8 0 0 0 0 2 0]
  229648 4 5]
 [cl-struct-emacspeak-2048-game-state
  [8 2048 1024 128 16 0 512 16384 32 16 2 0 0 8 0 0 0 0 2 0]
  229648 4 5]
 [cl-struct-emacspeak-2048-game-state
  [4 2048 1024 64 8 512 16384 64 2 8 2 8 8 8 0 2 4 0 4 0]
  229360 4 5]
 [cl-struct-emacspeak-2048-game-state
  [4 2048 1024 64 4 512 16384 32 2 4 8 32 8 4 0 4 8 4 2 2]
  229276 4 5]
 [cl-struct-emacspeak-2048-game-state
  [4 2048 1024 64 4 512 16384 32 2 4 8 32 8 4 0 4 8 4 2 2]
  229276 4 5]
 [cl-struct-emacspeak-2048-game-state
  [4 2048 1024 16 16 512 16384 4 32 4 4 32 8 4 2 2 4 2 2 0]
  229028 4 5]
 [cl-struct-emacspeak-2048-game-state
  [4 2048 1024 16 16 512 16384 4 32 4 4 32 8 4 2 2 4 2 2 0]
  229028 4 5]
 [cl-struct-emacspeak-2048-game-state
  [4 2048 1024 16 8 512 16384 4 32 4 4 32 8 4 0 2 4 2 2 2]
  228996 4 5]
 [cl-struct-emacspeak-2048-game-state
  [4 2048 1024 16 8 512 16384 4 32 4 4 32 8 4 0 2 4 2 2 2]
  228996 4 5]
 [cl-struct-emacspeak-2048-game-state
  [4 2048 1024 16 8 512 16384 4 32 2 4 32 8 4 0 2 4 2 2 2]
  228992 4 5]
 [cl-struct-emacspeak-2048-game-state
  [0 2 2048 1024 2 0 0 16384 4 2 0 512 16 2 32 2 0 4 16 2]
  228876 4 5]
 [cl-struct-emacspeak-2048-game-state
  [2 2048 1024 2 0 16384 4 2 0 0 512 16 2 32 0 4 16 2 0 0]
  228876 4 5]
 [cl-struct-emacspeak-2048-game-state
  [2 2048 1024 2 0 16384 4 2 0 0 512 16 2 32 0 4 16 2 0 0]
  228876 4 5]
 [cl-struct-emacspeak-2048-game-state
  [2 2048 1024 2 0 16384 4 2 0 0 512 16 2 32 0 4 16 2 0 0]
  228876 4 5]
 [cl-struct-emacspeak-2048-game-state
  [2048 4096 2048 8192 1024 512 1024 512 256 32 2 16 256 0 0 2 8 4 2 2]
  196584 4 5]
 [cl-struct-emacspeak-2048-game-state
  [2048 4096 2048 8192 1024 512 1024 512 256 32 2 16 256 0 0 2 8 4 0 2]
  196584 4 5]
 [cl-struct-emacspeak-2048-game-state
  [2048 4096 2048 8192 1024 512 1024 512 256 32 0 0 16 128 128 0 0 2 8 2]
  196324 4 5]
 [cl-struct-emacspeak-2048-game-state
  [2048 4096 2048 8192 1024 512 1024 512 256 32 16 128 64 32 16 0 0 2 4 16]
  196088 4 5]
 [cl-struct-emacspeak-2048-game-state
  [2048 4096 2048 8192 1024 512 1024 512 256 8 16 128 32 4 2 0 2 0 2 0]
  195588 4 5]
 [cl-struct-emacspeak-2048-game-state
  [2048 4096 2048 8192 1024 512 1024 512 256 4 8 128 32 4 2 8 0 0 0 0]
  195560 4 5]
 [cl-struct-emacspeak-2048-game-state
  [2048 4096 2048 8192 1024 128 256 1024 512 256 16 32 64 128 8 2 4 2 0 2]
  194388 4 5]
 [cl-struct-emacspeak-2048-game-state
  [2048 4096 2048 8192 1024 128 256 1024 512 256 2 16 64 128 4 8 2 2 0 2]
  194260 4 5]
 [cl-struct-emacspeak-2048-game-state
  [2048 4096 2048 8192 1024 128 256 1024 512 256 2 16 64 128 4 8 2 2 0 2]
  194260 4 5]
 [cl-struct-emacspeak-2048-game-state
  [2048 4096 2048 8192 1024 128 256 1024 512 256 0 2 4 64 128 0 0 2 8 4]
  194216 4 5]
 [cl-struct-emacspeak-2048-game-state
  [2048 4096 2048 8192 1024 128 256 1024 512 256 4 16 16 32 128 4 0 4 2 2]
  194108 4 5]
 [cl-struct-emacspeak-2048-game-state
  [2048 4096 2048 8192 1024 128 256 1024 512 256 2 0 2 16 128 0 0 0 4 8]
  193948 4 5]
 [cl-struct-emacspeak-2048-game-state
  [2048 4096 2048 8192 1024 128 256 1024 512 256 2 64 8 16 4 2 0 0 0 2]
  193500 4 5]
 [cl-struct-emacspeak-2048-game-state
  [2048 4096 2048 8192 1024 128 256 1024 512 256 2 64 8 16 4 2 0 0 0 2]
  193500 4 5]
 [cl-struct-emacspeak-2048-game-state
  [2048 4096 2048 8192 1024 128 256 1024 512 256 8 16 2 2 2 0 4 0 0 0]
  193188 4 5]
 [cl-struct-emacspeak-2048-game-state
  [2048 4096 2048 8192 1024 128 256 1024 512 256 8 16 2 2 2 0 4 0 0 0]
  193188 4 5]
 [cl-struct-emacspeak-2048-game-state
  [2048 4096 2048 8192 1024 64 256 1024 512 256 16 16 32 16 2 4 4 2 0 0]
  192952 4 5]
 [cl-struct-emacspeak-2048-game-state
  [2048 4096 2048 8192 1024 64 256 1024 512 256 16 32 4 2 2 0 4 2 2 0]
  192860 4 5]
 [cl-struct-emacspeak-2048-game-state
  [2048 4096 2048 8192 1024 64 256 1024 512 256 16 32 4 2 2 0 4 2 2 0]
  192860 4 5]
 [cl-struct-emacspeak-2048-game-state
  [2048 4096 2048 8192 1024 32 256 1024 512 256 8 8 16 4 2 2 2 0 0 0]
  192576 4 5]
 [cl-struct-emacspeak-2048-game-state
  [2048 4096 2048 8192 1024 32 128 1024 512 256 4 32 16 64 16 2 2 4 8 2]
  192036 4 5]
 [cl-struct-emacspeak-2048-game-state
  [2048 4096 2048 8192 1024 32 128 1024 512 256 4 32 16 64 16 2 2 4 8 2]
  192036 4 5]
 [cl-struct-emacspeak-2048-game-state
  [2048 4096 2048 8192 1024 32 128 1024 512 256 4 32 16 64 16 2 2 4 8 2]
  192036 4 5]
 [cl-struct-emacspeak-2048-game-state
  [2048 4096 2048 8192 1024 32 128 1024 512 256 4 32 16 64 16 0 0 2 4 8]
  192036 4 5]
 [cl-struct-emacspeak-2048-game-state
  [2048 4096 2048 8192 1024 32 128 1024 512 256 4 32 16 64 16 0 0 2 4 8]
  192036 4 5]
 [cl-struct-emacspeak-2048-game-state
  [2048 4096 2048 8192 1024 32 128 1024 512 256 2 32 8 64 16 0 0 0 2 4]
  191988 4 5]
 [cl-struct-emacspeak-2048-game-state
  [2048 4096 2048 8192 1024 4 32 1024 512 256 2 4 16 64 4 0 2 0 2 4]
  191136 4 5]
 [cl-struct-emacspeak-2048-game-state
  [2048 4096 2048 8192 1024 4 32 1024 512 256 2 4 16 64 4 0 2 0 2 4]
  191136 4 5]
 [cl-struct-emacspeak-2048-game-state
  [2048 4096 2048 8192 1024 4 32 1024 512 256 0 0 2 8 64 0 0 0 2 8]
  191108 4 5]
 [cl-struct-emacspeak-2048-game-state
  [2048 4096 2048 8192 1024 2 16 1024 512 256 4 8 16 4 16 2 0 2 2 0]
  190804 4 5]
 [cl-struct-emacspeak-2048-game-state
  [2048 4096 2048 8192 1024 2 16 1024 512 256 4 8 16 4 8 0 2 0 0 4]
  190776 4 5]
 [cl-struct-emacspeak-2048-game-state
  [2048 4096 2048 8192 1024 16 1024 512 64 2 2 4 8 4 0 4 2 0 0 0]
  189268 4 5]
 [cl-struct-emacspeak-2048-game-state
  [2048 4096 2048 8192 1024 16 1024 512 64 2 2 4 8 4 0 4 2 0 0 0]
  189268 4 5]
 [cl-struct-emacspeak-2048-game-state
  [2048 4096 2048 8192 1024 16 1024 256 128 64 2 8 16 64 2 0 2 2 4 0]
  188112 4 5]
 [cl-struct-emacspeak-2048-game-state
  [2048 4096 2048 8192 1024 16 1024 256 128 32 8 16 64 16 8 0 2 4 2 2]
  187984 4 5]
 [cl-struct-emacspeak-2048-game-state
  [2048 4096 2048 8192 1024 16 1024 128 64 32 0 4 4 8 16 0 2 0 2 4]
  186180 4 5]
 [cl-struct-emacspeak-2048-game-state
  [2048 4096 2048 8192 1024 4 1024 128 4 0 2 16 8 0 0 0 4 0 2 0]
  185708 4 5]
 [cl-struct-emacspeak-2048-game-state
  [2048 4096 2048 8192 1024 4 1024 128 4 0 2 16 4 0 0 0 4 4 0 0]
  185700 4 5]
 [cl-struct-emacspeak-2048-game-state
  [2048 4096 2048 8192 1024 4 1024 128 4 0 2 16 4 0 0 0 4 4 0 0]
  185700 4 5]
 [cl-struct-emacspeak-2048-game-state
  [2048 4096 2048 8192 1024 64 128 256 512 128 8 16 2 0 2 0 4 2 0 0]
  183464 4 5]
 [cl-struct-emacspeak-2048-game-state
  [2048 4096 2048 8192 1024 64 128 256 512 128 8 16 2 0 2 0 4 2 0 0]
  183464 4 5]
 [cl-struct-emacspeak-2048-game-state
  [2048 4096 2048 8192 1024 64 128 256 512 128 2 0 2 16 2 2 0 0 2 4]
  183448 4 5]
 [cl-struct-emacspeak-2048-game-state
  [2048 4096 2048 8192 1024 64 128 256 512 128 2 0 2 16 2 2 0 0 2 4]
  183448 4 5]
 [cl-struct-emacspeak-2048-game-state
  [2048 4096 2048 8192 1024 32 128 256 512 128 4 4 4 0 2 8 2 0 0 0]
  183244 4 5]
 [cl-struct-emacspeak-2048-game-state
  [2048 4096 2048 8192 1024 16 64 256 512 128 0 2 8 32 8 0 0 2 4 2]
  182868 4 5]
 [cl-struct-emacspeak-2048-game-state
  [2048 4096 2048 8192 1024 16 64 256 512 128 0 2 8 32 8 0 0 2 4 2]
  182868 4 5]
 [cl-struct-emacspeak-2048-game-state
  [2048 4096 2048 8192 1024 16 64 256 512 128 0 2 8 32 8 0 0 2 4 2]
  182868 4 5]
 [cl-struct-emacspeak-2048-game-state
  [2048 4096 2048 8192 1024 16 64 128 512 128 2 64 16 8 4 2 4 0 0 0]
  182084 4 5]
 [cl-struct-emacspeak-2048-game-state
  [2048 4096 2048 8192 1024 2 64 128 512 128 0 0 4 16 2 0 0 2 0 0]
  181716 4 5]
 [cl-struct-emacspeak-2048-game-state
  [2048 4096 2048 8192 1024 2 64 128 512 128 0 0 4 16 2 0 0 2 0 0]
  181716 4 5]
 [cl-struct-emacspeak-2048-game-state
  [2048 4096 2048 8192 1024 2 64 128 512 128 0 0 4 16 2 0 0 2 0 0]
  181716 4 5]
 [cl-struct-emacspeak-2048-game-state
  [2048 4096 2048 8192 1024 2 64 128 512 128 0 2 2 8 8 0 0 0 0 0]
  181696 4 5]
 [cl-struct-emacspeak-2048-game-state
  [2048 4096 2048 8192 1024 2 8 128 512 128 0 0 2 4 16 0 0 0 2 4]
  181420 4 5]
 [cl-struct-emacspeak-2048-game-state
  [2048 4096 2048 8192 1024 2 8 128 512 128 0 0 2 4 16 0 0 0 2 4]
  181420 4 5]
 [cl-struct-emacspeak-2048-game-state
  [2048 4096 2048 8192 1024 8 8 32 512 128 4 32 8 0 2 0 2 0 0 4]
  180908 4 5]
 [cl-struct-emacspeak-2048-game-state
  [2048 4096 2048 8192 1024 8 8 32 512 128 4 32 8 0 2 0 2 0 0 4]
  180908 4 5]
 [cl-struct-emacspeak-2048-game-state
  [2048 4096 2048 8192 1024 32 64 128 256 128 0 0 4 32 4 2 0 0 16 2]
  179712 4 5]
 [cl-struct-emacspeak-2048-game-state
  [2048 4096 2048 8192 1024 32 64 128 256 128 2 16 16 4 0 8 8 0 0 2]
  179660 4 5]
 [cl-struct-emacspeak-2048-game-state
  [2048 4096 2048 8192 1024 16 64 128 256 128 2 4 0 0 0 4 2 0 0 0]
  179468 4 5]
 [cl-struct-emacspeak-2048-game-state
  [2048 4096 2048 8192 1024 16 64 128 256 128 2 4 0 0 0 4 2 0 0 0]
  179468 4 5]
 [cl-struct-emacspeak-2048-game-state
  [2048 4096 2048 8192 1024 16 64 128 256 128 2 4 0 0 0 4 2 0 0 0]
  179468 4 5]
 [cl-struct-emacspeak-2048-game-state
  [2048 4096 2048 8192 1024 16 64 128 256 128 2 4 0 0 0 4 2 0 0 0]
  179468 4 5]
 [cl-struct-emacspeak-2048-game-state
  [2048 4096 2048 8192 1024 16 64 128 256 128 2 4 0 0 0 4 2 0 0 0]
  179468 4 5]
 [cl-struct-emacspeak-2048-game-state
  [2048 4096 2048 8192 1024 16 64 128 256 128 2 4 0 0 0 4 2 0 0 0]
  179468 4 5]
 [cl-struct-emacspeak-2048-game-state
  [2048 4096 2048 8192 1024 16 64 128 256 128 2 4 0 0 0 4 2 0 0 0]
  179468 4 5]
 [cl-struct-emacspeak-2048-game-state
  [2048 4096 2048 8192 1024 64 256 64 32 16 0 4 8 4 8 0 2 0 0 2]
  178420 4 5]
 [cl-struct-emacspeak-2048-game-state
  [2048 4096 2048 8192 1024 64 256 64 32 16 0 4 8 4 8 0 2 0 0 2]
  178420 4 5]
 [cl-struct-emacspeak-2048-game-state
  [2048 4096 2048 8192 1024 16 128 64 32 32 2 4 8 16 0 0 2 2 2 2]
  177268 4 5]
 [cl-struct-emacspeak-2048-game-state
  [2048 4096 2048 8192 1024 8 128 64 16 4 2 2 16 8 4 0 2 0 0 0]
  177036 4 5]
 [cl-struct-emacspeak-2048-game-state
  [2048 4096 2048 8192 1024 4 128 64 16 2 4 16 4 4 0 2 0 0 0 0]
  177016 4 5]
 [cl-struct-emacspeak-2048-game-state
  [2048 4096 2048 8192 1024 4 128 64 16 2 4 16 4 4 0 2 0 0 0 0]
  177016 4 5]
 [cl-struct-emacspeak-2048-game-state
  [2048 4096 2048 8192 1024 4 128 64 8 8 4 16 4 2 2 2 0 0 0 0]
  176996 4 5]
 [cl-struct-emacspeak-2048-game-state
  [2048 4096 2048 8192 1024 4 128 32 32 8 2 16 4 2 8 0 0 0 2 0]
  176928 4 5]
 [cl-struct-emacspeak-2048-game-state
  [2048 4096 2048 8192 1024 4 128 32 32 8 2 16 4 2 8 0 0 0 2 0]
  176928 4 5]
 [cl-struct-emacspeak-2048-game-state
  [2048 4096 2048 8192 1024 4 128 32 16 8 2 16 4 8 2 8 2 0 0 0]
  176864 4 5]
 [cl-struct-emacspeak-2048-game-state
  [2048 4096 2048 8192 1024 4 128 32 16 8 2 16 4 8 2 8 2 0 0 0]
  176864 4 5]
 [cl-struct-emacspeak-2048-game-state
  [2048 4096 2048 8192 1024 4 128 32 16 8 2 16 4 8 2 8 2 0 0 0]
  176864 4 5]
 [cl-struct-emacspeak-2048-game-state
  [2048 4096 2048 8192 1024 8 64 4 2 0 2 32 8 0 0 0 0 0 0 0]
  176328 4 5]
 [cl-struct-emacspeak-2048-game-state
  [1024 4096 2048 8192 1024 512 256 128 128 64 0 4 32 4 4 2 0 0 0 0]
  172464 4 5]
 [cl-struct-emacspeak-2048-game-state
  [1024 4096 2048 8192 1024 512 256 128 64 16 4 4 64 2 4 0 0 4 8 2]
  171968 4 5]
 [cl-struct-emacspeak-2048-game-state
  [1024 4096 2048 8192 1024 512 256 128 64 8 4 64 2 8 0 4 8 2 2 0]
  171948 4 5]
 [cl-struct-emacspeak-2048-game-state
  [1024 4096 2048 8192 1024 512 256 128 64 8 4 64 2 8 0 4 8 2 2 0]
  171948 4 5]
 [cl-struct-emacspeak-2048-game-state
  [1024 4096 2048 8192 1024 512 256 128 2 0 2 8 16 0 0 4 2 0 0 0]
  171340 4 5]
 [cl-struct-emacspeak-2048-game-state
  [1024 4096 2048 8192 1024 512 256 128 2 0 2 8 16 0 0 4 2 0 0 0]
  171340 4 5]
 [cl-struct-emacspeak-2048-game-state
  [1024 4096 2048 8192 1024 512 256 64 32 16 0 2 4 16 4 0 0 0 0 2]
  171060 4 5]
 [cl-struct-emacspeak-2048-game-state
  [1024 4096 2048 8192 1024 512 256 64 32 16 4 16 4 0 0 2 0 0 0 0]
  171060 4 5]
 [cl-struct-emacspeak-2048-game-state
  [1024 4096 2048 8192 1024 512 256 64 32 16 4 16 4 0 0 2 0 0 0 0]
  171060 4 5]
 [cl-struct-emacspeak-2048-game-state
  [1024 4096 2048 8192 1024 512 256 64 32 16 0 2 4 2 4 0 0 0 2 0]
  171016 4 5]
 [cl-struct-emacspeak-2048-game-state
  [1024 4096 2048 8192 1024 512 256 64 32 8 2 2 2 8 0 0 0 0 0 2]
  170992 4 5]
 [cl-struct-emacspeak-2048-game-state
  [1024 4096 2048 8192 1024 512 128 64 16 16 2 8 16 8 0 0 2 0 2 0]
  170000 4 5]
 [cl-struct-emacspeak-2048-game-state
  [1024 4096 2048 8192 1024 512 8 16 2 0 16 2 0 0 0 2 0 0 0 0]
  168876 4 5]
 [cl-struct-emacspeak-2048-game-state
  [1024 4096 2048 8192 1024 512 8 16 2 0 16 2 0 0 0 2 0 0 0 0]
  168876 4 5]
 [cl-struct-emacspeak-2048-game-state
  [1024 4096 2048 8192 1024 512 8 16 2 0 16 2 0 0 0 2 0 0 0 0]
  168876 4 5]
 [cl-struct-emacspeak-2048-game-state
  [1024 4096 2048 8192 1024 256 128 64 32 16 4 2 4 16 8 0 2 0 2 8]
  167812 4 5]
 [cl-struct-emacspeak-2048-game-state
  [1024 4096 2048 8192 1024 256 128 64 32 16 4 2 4 16 2 0 0 2 0 0]
  167780 4 5]
 [cl-struct-emacspeak-2048-game-state
  [1024 4096 2048 8192 1024 256 128 64 32 16 4 2 4 16 2 0 0 2 0 0]
  167780 4 5]
 [cl-struct-emacspeak-2048-game-state
  [1024 4096 2048 8192 1024 256 128 64 32 8 2 4 16 4 4 2 0 0 0 0]
  167756 4 5]
 [cl-struct-emacspeak-2048-game-state
  [1024 4096 2048 8192 1024 256 128 64 32 8 0 2 4 16 4 0 0 0 0 2]
  167756 4 5]
 [cl-struct-emacspeak-2048-game-state
  [1024 4096 2048 8192 1024 256 128 64 32 8 0 4 16 2 2 0 0 2 0 0]
  167752 4 5]
 [cl-struct-emacspeak-2048-game-state
  [1024 4096 2048 8192 1024 256 128 64 16 2 16 8 4 2 0 4 2 0 0 0]
  167676 4 5]
 [cl-struct-emacspeak-2048-game-state
  [1024 4096 2048 8192 1024 256 128 64 16 0 16 8 4 0 2 4 2 0 0 0]
  167676 4 5]
 [cl-struct-emacspeak-2048-game-state
  [1024 4096 2048 8192 1024 128 32 128 32 8 0 4 8 4 2 0 0 2 0 0]
  166540 4 5]
 [cl-struct-emacspeak-2048-game-state
  [1024 4096 2048 8192 1024 128 32 128 32 8 0 4 8 4 2 0 0 2 0 0]
  166540 4 5]
 [cl-struct-emacspeak-2048-game-state
  [1024 4096 2048 8192 1024 128 32 128 32 8 0 4 8 4 2 0 0 2 0 0]
  166540 4 5]
 [cl-struct-emacspeak-2048-game-state
  [1024 4096 2048 8192 1024 128 32 128 32 8 0 4 8 4 2 0 0 2 0 0]
  166540 4 5]
 [cl-struct-emacspeak-2048-game-state
  [1024 4096 2048 8192 1024 128 16 128 16 2 8 4 2 0 0 4 0 0 2 0]
  166372 4 5]
 [cl-struct-emacspeak-2048-game-state
  [1024 4096 2048 8192 1024 4 64 2 128 2 8 4 0 0 2 2 8 0 0 0]
  165860 4 5]
 [cl-struct-emacspeak-2048-game-state
  [1024 4096 1024 8192 1024 0 64 512 512 128 0 0 0 8 4 0 0 2 0 8]
  162784 4 5]
 [cl-struct-emacspeak-2048-game-state
  [1024 4096 1024 8192 1024 0 64 512 512 128 0 0 0 8 4 0 0 2 0 8]
  162784 4 5]
 [cl-struct-emacspeak-2048-game-state
  [1024 4096 1024 8192 1024 64 128 256 512 128 0 2 64 16 8 2 0 0 2 0]
  161612 4 5]
 [cl-struct-emacspeak-2048-game-state
  [1024 4096 1024 8192 1024 64 128 256 512 128 32 16 4 0 0 8 4 2 0 2]
  161428 4 5]
 [cl-struct-emacspeak-2048-game-state
  [1024 4096 1024 8192 1024 64 128 256 512 128 16 4 2 4 0 0 0 0 0 0]
  161284 4 5]
 [cl-struct-emacspeak-2048-game-state
  [1024 4096 1024 8192 1024 32 64 256 512 64 2 4 4 2 0 0 2 0 0 0]
  160188 4 5]
 [cl-struct-emacspeak-2048-game-state
  [1024 4096 1024 8192 1024 32 64 256 512 64 2 4 4 2 0 0 2 0 0 0]
  160188 4 5]
 [cl-struct-emacspeak-2048-game-state
  [1024 4096 1024 8192 1024 4 64 256 512 64 2 4 8 4 0 4 0 2 0 0]
  160084 4 5]
 [cl-struct-emacspeak-2048-game-state
  [1024 4096 1024 8192 1024 4 64 256 512 64 2 4 8 4 0 4 0 2 0 0]
  160084 4 5]
 [cl-struct-emacspeak-2048-game-state
  [1024 4096 1024 8192 1024 2 0 256 512 64 0 2 4 16 2 0 0 0 2 4]
  159796 4 5]
 [cl-struct-emacspeak-2048-game-state
  [1024 4096 1024 8192 1024 2 0 256 512 64 0 2 4 16 2 0 0 0 2 4]
  159796 4 5]
 [cl-struct-emacspeak-2048-game-state
  [1024 4096 1024 8192 1024 2 0 256 512 64 0 2 4 16 2 0 0 0 2 4]
  159796 4 5]
 [cl-struct-emacspeak-2048-game-state
  [1024 4096 1024 8192 1024 8 64 128 512 64 8 16 4 0 2 0 4 0 2 0]
  159132 4 5]
 [cl-struct-emacspeak-2048-game-state
  [1024 4096 1024 8192 1024 0 16 128 512 64 0 8 4 32 8 0 0 2 8 2]
  158952 4 5]
 [cl-struct-emacspeak-2048-game-state
  [1024 4096 1024 8192 1024 2 8 128 256 64 0 4 8 32 4 0 0 0 4 2]
  156656 4 5]
 [cl-struct-emacspeak-2048-game-state
  [1024 4096 1024 8192 1024 2 8 128 256 64 0 4 8 32 4 0 0 0 4 2]
  156656 4 5]
 [cl-struct-emacspeak-2048-game-state
  [1024 4096 1024 8192 1024 2 8 128 256 64 0 4 8 32 4 0 0 0 4 2]
  156656 4 5]
 [cl-struct-emacspeak-2048-game-state
  [1024 4096 1024 8192 1024 2 128 256 32 8 0 0 2 16 4 0 0 0 0 0]
  156376 4 5]
 [cl-struct-emacspeak-2048-game-state
  [1024 4096 1024 8192 1024 2 128 256 32 8 0 0 2 16 4 0 0 0 0 0]
  156376 4 5]
 [cl-struct-emacspeak-2048-game-state
  [1024 4096 1024 8192 1024 128 256 32 0 2 16 2 0 0 0 2 0 0 0 0]
  156356 4 5]
 [cl-struct-emacspeak-2048-game-state
  [1024 4096 1024 8192 1024 16 32 64 256 32 2 2 0 2 2 0 0 0 0 0]
  156044 4 5]
 [cl-struct-emacspeak-2048-game-state
  [1024 4096 1024 8192 1024 2 4 64 128 16 0 2 32 16 8 0 0 0 4 0]
  154988 4 5]
 [cl-struct-emacspeak-2048-game-state
  [1024 4096 1024 8192 1024 2 4 64 128 16 0 2 32 16 8 0 0 0 4 0]
  154988 4 5]
 [cl-struct-emacspeak-2048-game-state
  [1024 4096 1024 8192 1024 0 4 64 128 8 0 0 32 16 0 0 0 2 4 0]
  154948 4 5]
 [cl-struct-emacspeak-2048-game-state
  [1024 4096 1024 8192 512 64 128 256 128 64 32 16 32 16 8 2 0 2 0 2]
  152876 4 5]
 [cl-struct-emacspeak-2048-game-state
  [1024 4096 1024 8192 512 64 128 256 128 64 32 16 32 16 8 2 0 2 0 2]
  152876 4 5]
 [cl-struct-emacspeak-2048-game-state
  [1024 4096 1024 8192 512 64 128 256 128 64 0 32 8 32 8 0 2 0 8 4]
  152816 4 5]
 [cl-struct-emacspeak-2048-game-state
  [1024 4096 1024 8192 512 64 128 256 128 64 0 32 8 32 8 0 2 0 8 4]
  152816 4 5]
 [cl-struct-emacspeak-2048-game-state
  [1024 4096 1024 8192 512 64 128 256 128 64 32 4 32 4 0 4 8 2 0 2]
  152796 4 5]
 [cl-struct-emacspeak-2048-game-state
  [1024 4096 1024 8192 512 64 128 256 128 64 8 16 4 32 2 0 4 0 2 8]
  152728 4 5]
 [cl-struct-emacspeak-2048-game-state
  [1024 4096 1024 8192 512 64 128 256 128 32 8 16 4 32 8 0 2 0 0 2]
  152544 4 5]
 [cl-struct-emacspeak-2048-game-state
  [1024 4096 1024 8192 512 64 128 256 128 32 8 16 4 32 8 0 2 0 0 2]
  152544 4 5]
 [cl-struct-emacspeak-2048-game-state
  [1024 4096 1024 8192 512 64 128 256 128 32 8 16 4 32 8 0 2 0 0 2]
  152544 4 5]
 [cl-struct-emacspeak-2048-game-state
  [1024 4096 1024 8192 512 64 128 256 128 32 2 16 4 32 4 0 2 0 4 0]
  152520 4 5]
 [cl-struct-emacspeak-2048-game-state
  [1024 4096 1024 8192 512 64 128 256 128 32 2 16 4 32 4 0 2 0 4 0]
  152520 4 5]
 [cl-struct-emacspeak-2048-game-state
  [1024 4096 1024 8192 512 64 128 256 128 32 2 16 4 32 4 0 2 0 4 0]
  152520 4 5]
 [cl-struct-emacspeak-2048-game-state
  [1024 4096 1024 8192 512 64 128 256 128 16 16 4 32 8 0 4 0 0 0 2]
  152452 4 5]
 [cl-struct-emacspeak-2048-game-state
  [1024 4096 1024 8192 512 64 128 256 128 16 8 4 32 4 0 2 0 0 0 0]
  152412 4 5]
 [cl-struct-emacspeak-2048-game-state
  [1024 4096 1024 8192 512 32 64 256 128 16 2 4 8 64 32 0 0 2 8 2]
  152108 4 5]
 [cl-struct-emacspeak-2048-game-state
  [1024 4096 1024 8192 512 32 64 256 128 16 2 16 32 16 8 2 2 16 4 2]
  151920 4 5]
 [cl-struct-emacspeak-2048-game-state
  [1024 4096 1024 8192 512 16 64 256 128 8 4 16 32 16 8 0 2 8 2 2]
  151784 4 5]
 [cl-struct-emacspeak-2048-game-state
  [1024 4096 1024 8192 512 16 64 256 128 8 4 16 32 16 8 0 2 8 2 2]
  151784 4 5]
 [cl-struct-emacspeak-2048-game-state
  [1024 4096 1024 8192 512 4 64 256 128 8 2 8 16 8 2 0 0 2 0 8]
  151576 4 5]
 [cl-struct-emacspeak-2048-game-state
  [1024 4096 1024 8192 512 2 64 256 128 8 8 16 4 2 0 2 8 0 0 0]
  151560 4 5]
 [cl-struct-emacspeak-2048-game-state
  [1024 4096 1024 8192 512 64 256 128 4 0 2 4 16 4 0 2 8 2 0 0]
  151536 4 5]
 [cl-struct-emacspeak-2048-game-state
  [1024 4096 1024 8192 512 64 256 128 4 0 2 4 16 4 0 2 8 2 0 0]
  151536 4 5]
 [cl-struct-emacspeak-2048-game-state
  [1024 4096 1024 8192 512 64 256 128 2 2 2 4 16 4 0 2 8 0 0 0]
  151532 4 5]
 [cl-struct-emacspeak-2048-game-state
  [1024 4096 1024 8192 512 64 256 64 32 16 4 4 8 0 2 0 0 0 2 0]
  151220 4 5]
 [cl-struct-emacspeak-2048-game-state
  [1024 4096 1024 8192 512 32 256 64 32 16 4 8 16 2 8 0 2 2 0 0]
  151088 4 5]
 [cl-struct-emacspeak-2048-game-state
  [1024 4096 1024 8192 512 32 256 64 32 4 16 2 8 2 2 0 0 2 0 0]
  151028 4 5]
 [cl-struct-emacspeak-2048-game-state
  [1024 4096 1024 8192 512 16 64 128 64 32 16 32 8 4 2 2 4 2 0 2]
  150388 4 5]
 [cl-struct-emacspeak-2048-game-state
  [1024 4096 1024 8192 512 16 64 128 64 32 16 32 8 4 2 2 4 2 0 2]
  150388 4 5]
 [cl-struct-emacspeak-2048-game-state
  [1024 4096 1024 8192 512 16 64 128 64 32 16 32 8 4 2 2 4 2 0 2]
  150388 4 5]
 [cl-struct-emacspeak-2048-game-state
  [1024 4096 1024 8192 512 16 64 128 64 32 16 32 8 4 2 2 4 2 0 2]
  150388 4 5]
 [cl-struct-emacspeak-2048-game-state
  [1024 4096 1024 8192 512 64 128 64 16 0 2 4 8 4 2 2 2 0 0 0]
  150092 4 5]
 [cl-struct-emacspeak-2048-game-state
  [1024 4096 1024 8192 512 16 128 32 8 4 0 4 4 0 4 2 0 0 0 0]
  149600 4 5]
 [cl-struct-emacspeak-2048-game-state
  [1024 4096 1024 8192 512 16 128 32 4 2 2 2 4 2 0 0 4 0 0 0]
  149584 4 5]
 [cl-struct-emacspeak-2048-game-state
  [512 4096 1024 8192 512 64 128 256 128 32 32 8 4 2 0 8 0 2 0 0]
  147460 4 5]
 [cl-struct-emacspeak-2048-game-state
  [512 4096 1024 8192 512 64 128 256 128 32 32 8 0 2 0 8 0 0 0 0]
  147456 4 5]
 [cl-struct-emacspeak-2048-game-state
  [512 4096 1024 8192 512 32 128 256 64 32 0 16 32 16 16 2 0 0 2 4]
  146936 4 5]
 [cl-struct-emacspeak-2048-game-state
  [512 4096 1024 8192 512 32 128 256 64 32 0 16 32 16 16 2 0 0 2 4]
  146936 4 5]
 [cl-struct-emacspeak-2048-game-state
  [512 4096 1024 8192 512 32 128 256 64 32 0 16 32 16 16 2 0 0 2 4]
  146936 4 5]
 [cl-struct-emacspeak-2048-game-state
  [512 4096 1024 8192 512 32 128 256 64 32 16 32 16 8 8 0 2 0 0 4]
  146920 4 5]
 [cl-struct-emacspeak-2048-game-state
  [512 4096 1024 8192 512 32 128 256 64 32 16 32 16 8 4 2 2 0 0 0]
  146908 4 5]
 [cl-struct-emacspeak-2048-game-state
  [512 4096 1024 8192 512 32 128 256 64 32 8 32 8 2 0 4 2 2 0 0]
  146836 4 5]
 [cl-struct-emacspeak-2048-game-state
  [512 4096 1024 8192 512 32 128 256 64 32 8 32 8 0 2 4 2 0 0 0]
  146836 4 5]
 [cl-struct-emacspeak-2048-game-state
  [512 4096 1024 8192 512 8 128 256 64 32 4 16 32 4 2 2 0 2 2 0]
  146744 4 5]
 [cl-struct-emacspeak-2048-game-state
  [512 4096 1024 8192 512 8 128 256 64 32 4 16 32 4 2 2 0 2 2 0]
  146744 4 5]
 [cl-struct-emacspeak-2048-game-state
  [512 4096 1024 8192 512 2 128 256 64 32 0 2 8 16 8 0 2 0 4 8]
  146652 4 5]
 [cl-struct-emacspeak-2048-game-state
  [512 4096 1024 8192 512 2 128 256 64 32 0 2 8 16 8 0 2 0 4 8]
  146652 4 5]
 [cl-struct-emacspeak-2048-game-state
  [512 4096 1024 8192 512 2 128 256 64 32 0 2 2 16 8 0 0 0 2 4]
  146620 4 5]
 [cl-struct-emacspeak-2048-game-state
  [512 4096 1024 8192 512 2 128 256 64 32 0 0 2 16 8 0 0 2 0 4]
  146620 4 5]
 [cl-struct-emacspeak-2048-game-state
  [512 4096 1024 8192 512 2 128 256 64 32 0 0 2 16 8 2 0 0 0 2]
  146616 4 5]
 [cl-struct-emacspeak-2048-game-state
  [512 4096 1024 8192 512 32 64 256 64 32 8 0 0 0 0 2 0 0 2 0]
  146256 4 5]
 [cl-struct-emacspeak-2048-game-state
  [512 4096 1024 8192 512 16 64 256 64 32 8 8 0 0 0 2 2 0 0 0]
  146196 4 5]
 [cl-struct-emacspeak-2048-game-state
  [512 4096 1024 8192 512 16 64 256 64 32 8 8 0 0 0 2 2 0 0 0]
  146196 4 5]
 [cl-struct-emacspeak-2048-game-state
  [512 4096 1024 8192 512 2 16 256 64 32 0 2 16 32 4 0 2 2 4 2]
  146028 4 5]
 [cl-struct-emacspeak-2048-game-state
  [512 4096 1024 8192 512 2 16 256 64 32 0 2 16 32 4 0 2 2 4 2]
  146028 4 5]
 [cl-struct-emacspeak-2048-game-state
  [512 4096 1024 8192 512 2 4 256 64 8 4 8 32 16 2 0 0 0 0 2]
  145896 4 5]
 [cl-struct-emacspeak-2048-game-state
  [512 4096 1024 8192 512 4 256 64 0 2 8 32 16 2 0 0 4 0 0 0]
  145884 4 5]
 [cl-struct-emacspeak-2048-game-state
  [256 4096 1024 8192 512 32 64 128 256 64 8 32 4 2 2 4 2 0 0 0]
  144764 4 5]
 [cl-struct-emacspeak-2048-game-state
  [256 4096 1024 8192 512 32 64 128 256 64 2 16 16 0 0 2 0 2 0 0]
  144712 4 5]
 [cl-struct-emacspeak-2048-game-state
  [256 4096 1024 8192 512 8 64 128 256 32 0 0 2 8 16 0 0 2 2 4]
  144396 4 5]
 [cl-struct-emacspeak-2048-game-state
  [256 4096 1024 8192 512 8 64 128 256 32 0 0 0 4 16 2 0 0 0 2]
  144384 4 5]
 [cl-struct-emacspeak-2048-game-state
  [256 4096 1024 8192 512 8 64 128 256 32 0 2 2 8 8 0 0 0 0 2]
  144364 4 5]
 [cl-struct-emacspeak-2048-game-state
  [256 4096 1024 8192 512 4 32 128 256 32 0 0 32 4 8 0 2 0 0 0]
  144280 4 5]
 [cl-struct-emacspeak-2048-game-state
  [256 4096 1024 8192 512 4 32 128 256 32 0 0 32 4 8 0 2 0 0 0]
  144280 4 5]
 [cl-struct-emacspeak-2048-game-state
  [256 4096 1024 8192 512 32 64 256 16 8 16 8 4 4 2 4 4 2 0 0]
  143704 4 5]
 [cl-struct-emacspeak-2048-game-state
  [256 4096 1024 8192 512 0 0 32 256 8 2 0 2 8 2 0 0 0 0 4]
  143284 4 5]
 [cl-struct-emacspeak-2048-game-state
  [256 4096 1024 8192 512 0 0 32 256 8 2 0 2 8 2 0 0 0 0 4]
  143284 4 5]
 [cl-struct-emacspeak-2048-game-state
  [256 4096 1024 8192 512 0 0 32 256 8 2 0 2 8 2 0 0 0 0 4]
  143284 4 5]
 [cl-struct-emacspeak-2048-game-state
  [256 4096 1024 8192 512 0 0 32 256 8 0 0 4 4 2 0 0 2 2 0]
  143272 4 5]
 [cl-struct-emacspeak-2048-game-state
  [256 4096 1024 8192 256 32 256 128 64 32 0 0 2 4 16 0 0 0 2 4]
  142220 4 5]
 [cl-struct-emacspeak-2048-game-state
  [256 4096 1024 8192 256 32 256 128 64 32 2 0 4 4 4 0 0 2 2 0]
  142176 4 5]
 [cl-struct-emacspeak-2048-game-state
  [256 4096 1024 8192 256 32 256 128 64 32 2 0 4 4 4 0 0 2 2 0]
  142176 4 5]
 [cl-struct-emacspeak-2048-game-state
  [256 4096 1024 8192 256 32 256 128 64 32 2 0 4 4 4 0 0 2 2 0]
  142176 4 5]
 [cl-struct-emacspeak-2048-game-state
  [256 4096 1024 8192 256 32 256 128 64 32 2 0 4 4 4 0 0 2 2 0]
  142176 4 5]
 [cl-struct-emacspeak-2048-game-state
  [256 4096 1024 8192 256 32 256 64 32 16 0 2 8 4 16 0 0 0 2 0]
  141524 4 5]
 [cl-struct-emacspeak-2048-game-state
  [256 4096 1024 8192 256 32 256 64 32 8 0 4 8 4 4 0 0 0 0 4]
  141460 4 5]
 [cl-struct-emacspeak-2048-game-state
  [256 4096 1024 8192 256 32 256 64 32 0 2 4 2 4 2 4 2 0 0 2]
  141432 4 5]
 [cl-struct-emacspeak-2048-game-state
  [256 4096 1024 8192 256 16 256 64 8 0 8 8 2 0 0 4 0 0 0 0]
  141264 4 5]
 [cl-struct-emacspeak-2048-game-state
  [256 4096 1024 8192 256 16 64 128 64 4 64 2 2 0 2 4 2 0 0 0]
  140844 4 5]
 [cl-struct-emacspeak-2048-game-state
  [256 4096 1024 8192 256 16 64 128 64 4 64 2 2 0 2 4 2 0 0 0]
  140844 4 5]
 [cl-struct-emacspeak-2048-game-state
  [256 4096 1024 8192 256 16 32 128 64 4 0 64 16 16 2 0 4 0 2 0]
  140748 4 5]
 [cl-struct-emacspeak-2048-game-state
  [256 4096 1024 8192 256 0 8 32 128 64 0 64 16 2 8 0 0 2 0 4]
  140680 4 5]
 [cl-struct-emacspeak-2048-game-state
  [256 4096 1024 8192 256 8 32 128 64 0 64 16 2 2 2 2 0 0 0 0]
  140660 4 5]
 [cl-struct-emacspeak-2048-game-state
  [256 4096 1024 8192 256 8 32 128 64 0 64 16 2 2 2 2 0 0 0 0]
  140660 4 5]
 [cl-struct-emacspeak-2048-game-state
  [256 4096 1024 8192 256 4 2 16 128 64 0 64 2 16 4 0 0 0 0 4]
  140580 4 5]
 [cl-struct-emacspeak-2048-game-state
  [256 4096 512 8192 256 64 128 256 128 64 16 32 64 16 4 0 2 4 8 4]
  138488 4 5]
 [cl-struct-emacspeak-2048-game-state
  [256 4096 512 8192 256 64 128 256 128 64 8 16 64 4 0 0 0 4 2 0]
  138316 4 5]
 [cl-struct-emacspeak-2048-game-state
  [256 4096 512 8192 256 64 128 256 128 64 2 2 4 32 2 2 16 8 4 0]
  138136 4 5]
 [cl-struct-emacspeak-2048-game-state
  [256 4096 512 8192 256 32 128 256 64 32 2 2 16 4 2 8 0 0 2 0]
  137188 4 5]
 [cl-struct-emacspeak-2048-game-state
  [256 4096 512 8192 256 32 64 256 64 32 8 16 4 0 0 4 2 0 0 0]
  136756 4 5]
 [cl-struct-emacspeak-2048-game-state
  [256 4096 512 8192 256 8 32 256 64 16 0 4 32 4 4 0 0 2 0 0]
  136444 4 5]
 [cl-struct-emacspeak-2048-game-state
  [256 4096 512 8192 256 2 16 256 64 8 0 2 8 32 4 0 0 0 0 0]
  136324 4 5]
 [cl-struct-emacspeak-2048-game-state
  [256 4096 512 8192 256 2 16 256 64 8 0 2 8 32 4 0 0 0 0 0]
  136324 4 5]
 [cl-struct-emacspeak-2048-game-state
  [256 4096 512 8192 256 2 16 256 64 8 0 2 8 32 4 0 0 0 0 0]
  136324 4 5]
 [cl-struct-emacspeak-2048-game-state
  [256 4096 512 8192 256 16 256 64 8 0 4 4 32 2 0 0 2 0 0 0]
  136312 4 5]
 [cl-struct-emacspeak-2048-game-state
  [256 4096 512 8192 256 32 32 128 16 4 2 4 8 4 0 0 8 4 0 2]
  135152 4 5]
 [cl-struct-emacspeak-2048-game-state
  [256 4096 512 8192 256 4 32 128 16 0 2 16 4 2 0 4 2 0 0 2]
  135036 4 5]
 [cl-struct-emacspeak-2048-game-state
  [256 4096 512 8192 256 4 32 128 16 0 2 16 4 2 0 4 2 0 0 2]
  135036 4 5]
 [cl-struct-emacspeak-2048-game-state
  [256 4096 512 8192 256 4 32 128 16 0 2 16 2 2 0 0 4 2 0 0]
  135032 4 5]
 [cl-struct-emacspeak-2048-game-state
  [256 4096 512 8192 256 4 32 128 16 0 2 16 2 2 0 0 4 2 0 0]
  135032 4 5]
 [cl-struct-emacspeak-2048-game-state
  [256 4096 512 8192 256 0 2 32 128 16 0 0 2 16 2 2 0 0 4 0]
  135028 4 5]
 [cl-struct-emacspeak-2048-game-state
  [256 4096 512 8192 128 32 128 64 32 16 2 2 4 16 4 0 0 0 0 2]
  134456 4 5]
 [cl-struct-emacspeak-2048-game-state
  [256 4096 512 8192 128 32 128 64 32 16 2 0 4 16 4 0 0 0 2 0]
  134456 4 5]
 [cl-struct-emacspeak-2048-game-state
  [256 4096 512 8192 128 16 128 64 32 2 0 4 4 2 0 0 0 0 0 0]
  134296 4 5]
 [cl-struct-emacspeak-2048-game-state
  [256 4096 512 8192 128 16 128 64 32 2 0 4 4 2 0 0 0 0 0 0]
  134296 4 5]
 [cl-struct-emacspeak-2048-game-state
  [128 4096 512 8192 128 32 64 128 64 32 0 16 4 4 2 0 4 0 2 0]
  133724 4 5]
 [cl-struct-emacspeak-2048-game-state
  [128 4096 512 8192 128 0 64 128 64 8 0 2 0 16 8 0 0 4 0 0]
  133504 4 5]
 [cl-struct-emacspeak-2048-game-state
  [128 4096 512 8192 128 64 128 64 8 0 16 2 2 0 0 4 0 0 0 0]
  133492 4 5]
 [cl-struct-emacspeak-2048-game-state
  [128 4096 512 8192 128 64 128 64 8 0 16 2 2 0 0 4 0 0 0 0]
  133492 4 5]
 [cl-struct-emacspeak-2048-game-state
  [128 4096 512 8192 128 0 4 32 128 8 0 0 2 2 4 0 0 2 0 0]
  132944 4 5]
 [cl-struct-emacspeak-2048-game-state
  [128 4096 512 8192 64 32 128 16 2 2 16 4 0 0 0 4 0 0 0 0]
  132580 4 5]
 [cl-struct-emacspeak-2048-game-state
  [128 4096 512 8192 64 32 128 16 2 2 16 4 0 0 0 4 0 0 0 0]
  132580 4 5]
 [cl-struct-emacspeak-2048-game-state
  [128 4096 512 8192 64 2 2 4 32 4 0 0 0 16 4 0 2 0 2 0]
  131792 4 5]
 [cl-struct-emacspeak-2048-game-state
  [128 4096 256 8192 32 8 64 8 4 2 0 4 0 0 0 0 2 0 0 0]
  129520 4 5]
 [cl-struct-emacspeak-2048-game-state
  [128 4096 256 8192 32 8 64 8 4 2 0 4 0 0 0 0 2 0 0 0]
  129520 4 5]
 [cl-struct-emacspeak-2048-game-state
  [64 4096 256 8192 32 4 32 2 8 0 8 2 0 0 0 0 0 0 0 2]
  128892 4 5]
 [cl-struct-emacspeak-2048-game-state
  [64 4096 128 8192 32 2 2 32 128 8 0 0 0 8 2 0 0 0 0 0]
  128632 4 5]
 [cl-struct-emacspeak-2048-game-state
  [64 4096 128 8192 32 2 32 8 16 0 8 8 0 2 0 0 2 2 0 0]
  127932 4 5]
 [cl-struct-emacspeak-2048-game-state
  [64 4096 128 8192 32 2 32 8 16 0 8 8 0 2 0 0 2 2 0 0]
  127932 4 5]
 [cl-struct-emacspeak-2048-game-state
  [64 4096 128 8192 32 0 2 32 8 16 0 0 0 0 8 0 0 2 0 4]
  127920 4 5]
 [cl-struct-emacspeak-2048-game-state
  [64 4096 128 8192 32 2 32 0 8 16 0 0 0 0 4 0 0 0 2 0]
  127908 4 5]
 [cl-struct-emacspeak-2048-game-state
  [32 4096 32 8192 32 0 2 2 64 8 0 0 0 2 0 0 0 0 0 0]
  127244 4 5]
 [cl-struct-emacspeak-2048-game-state
  [32 4096 4 8192 4 2 64 0 2 0 0 0 4 0 0 0 0 0 0 0]
  126988 4 5]
 [cl-struct-emacspeak-2048-game-state
  [16 4096 2 8192 4 8 8 64 2 0 0 0 0 0 0 2 0 0 0 0]
  126936 4 5]
 [cl-struct-emacspeak-2048-game-state
  [16 4096 2 8192 0 4 8 64 0 0 0 0 2 0 0 0 0 0 2 0]
  126924 4 5]
 [cl-struct-emacspeak-2048-game-state
  [8 1024 1024 2 8192 0 4 4 2048 64 0 2 2 4 4 0 0 0 0 0]
  120744 4 5]
 [cl-struct-emacspeak-2048-game-state
  [8 1024 1024 2 8192 0 4 4 2048 64 0 2 2 4 4 0 0 0 0 0]
  120744 4 5]
 [cl-struct-emacspeak-2048-game-state
  [8 1024 512 2 8192 4 512 2048 32 16 2 0 0 0 8 0 0 0 0 0]
  119580 4 5]
 [cl-struct-emacspeak-2048-game-state
  [8 1024 512 2 8192 2 512 2048 32 16 0 0 0 2 2 0 0 0 2 0]
  119560 4 5]
 [cl-struct-emacspeak-2048-game-state
  [8 1024 512 2 8192 0 512 2048 32 8 2 2 2 4 0 0 0 0 0 0]
  119532 4 5]
 [cl-struct-emacspeak-2048-game-state
  [4 1024 512 2 8192 0 512 2048 16 4 0 2 0 16 2 0 0 0 4 2]
  119480 4 5]
 [cl-struct-emacspeak-2048-game-state
  [4 1024 256 2 8192 512 2048 128 64 4 64 8 4 2 0 8 0 2 0 0]
  118524 4 5]
 [cl-struct-emacspeak-2048-game-state
  [4 1024 256 2 8192 512 2048 128 64 4 64 8 4 2 0 8 0 2 0 0]
  118524 4 5]
 [cl-struct-emacspeak-2048-game-state
  [4 1024 256 2 8192 512 2048 128 64 0 8 8 2 0 2 16 2 0 0 0]
  118244 4 5]
 [cl-struct-emacspeak-2048-game-state
  [4 1024 256 2 8192 256 128 2048 128 64 0 2 16 32 8 2 0 2 2 0]
  116828 4 5]
 [cl-struct-emacspeak-2048-game-state
  [4 1024 256 2 8192 256 128 2048 128 32 2 16 32 16 16 0 2 2 2 0]
  116716 4 5]
 [cl-struct-emacspeak-2048-game-state
  [4 1024 256 2 8192 256 128 2048 128 32 2 16 32 16 16 0 2 2 2 0]
  116716 4 5]
 [cl-struct-emacspeak-2048-game-state
  [4 1024 256 2 8192 256 128 2048 128 4 2 16 4 0 0 4 2 0 0 0]
  116400 4 5]
 [cl-struct-emacspeak-2048-game-state
  [4 1024 256 2 8192 0 256 128 2048 128 0 0 2 16 4 0 0 0 4 2]
  116400 4 5]
 [cl-struct-emacspeak-2048-game-state
  [4 1024 256 2 8192 0 256 128 2048 128 0 0 2 16 4 0 0 0 4 2]
  116400 4 5]
 [cl-struct-emacspeak-2048-game-state
  [4 1024 256 2 8192 0 256 128 2048 128 0 0 2 16 4 0 0 0 4 2]
  116400 4 5]
 [cl-struct-emacspeak-2048-game-state
  [4 1024 256 2 8192 256 128 2048 64 64 0 2 8 8 4 0 0 0 0 2]
  116256 4 5]
 [cl-struct-emacspeak-2048-game-state
  [4 1024 256 2 8192 256 128 2048 16 4 2 8 4 2 0 16 2 0 0 0]
  115724 4 5]
 [cl-struct-emacspeak-2048-game-state
  [4 1024 256 2 8192 256 128 2048 16 4 2 8 4 2 0 16 2 0 0 0]
  115724 4 5]
 [cl-struct-emacspeak-2048-game-state
  [4 1024 256 2 8192 256 128 2048 16 4 2 8 4 2 0 16 2 0 0 0]
  115724 4 5]
 [cl-struct-emacspeak-2048-game-state
  [4 1024 256 2 8192 256 128 2048 16 2 2 8 2 2 0 16 0 0 0 0]
  115716 4 5]
 [cl-struct-emacspeak-2048-game-state
  [4 1024 256 2 8192 256 128 2048 16 0 2 8 2 0 2 16 0 0 0 0]
  115716 4 5]
 [cl-struct-emacspeak-2048-game-state
  [2 256 1024 2 128 4 128 2048 128 8192 0 2 8 16 4 0 2 0 4 0]
  115420 4 5]
 [cl-struct-emacspeak-2048-game-state
  [2 256 1024 2 128 4 128 2048 128 8192 0 2 8 16 4 0 2 0 4 0]
  115420 4 5]
 [cl-struct-emacspeak-2048-game-state
  [2 256 1024 2 64 128 2048 128 4 0 2 8 8192 16 0 2 4 0 2 0]
  114976 4 5]
 [cl-struct-emacspeak-2048-game-state
  [2 256 1024 2 64 128 2048 64 32 0 8192 16 8 4 0 8 2 2 0 0]
  114672 4 5]
 [cl-struct-emacspeak-2048-game-state
  [2 256 1024 2 32 4 64 2048 64 32 0 0 4 8192 4 0 0 0 0 4]
  113988 4 5]
 [cl-struct-emacspeak-2048-game-state
  [2 256 1024 2 32 32 4 2048 64 16 0 16 4 8192 2 0 0 2 8 4]
  113780 4 5]
 [cl-struct-emacspeak-2048-game-state
  [2 256 1024 2 32 32 4 2048 64 16 0 16 4 8192 2 0 0 2 8 4]
  113780 4 5]
 [cl-struct-emacspeak-2048-game-state
  [2 0 512 2 32 0 256 512 64 16 32 4 2048 8192 2 0 16 4 8 4]
  112756 4 5]
 [cl-struct-emacspeak-2048-game-state
  [256 512 256 64 32 32 256 2048 8192 16 16 4 2 4 2 2 0 0 2 4]
  112228 4 5]
 [cl-struct-emacspeak-2048-game-state
  [256 512 256 64 32 32 128 2048 8192 16 16 64 32 8 4 2 4 2 0 0]
  111668 4 5]
 [cl-struct-emacspeak-2048-game-state
  [256 512 256 64 32 32 128 2048 8192 16 16 64 32 2 0 2 4 2 2 0]
  111652 4 5]
 [cl-struct-emacspeak-2048-game-state
  [256 512 256 64 32 32 128 2048 8192 8 16 64 16 8 4 2 2 8 4 0]
  111576 4 5]
 [cl-struct-emacspeak-2048-game-state
  [256 512 256 64 16 32 128 2048 8192 8 4 64 8 4 0 2 8 2 0 0]
  111412 4 5]
 [cl-struct-emacspeak-2048-game-state
  [256 512 256 64 16 32 128 2048 8192 8 4 64 8 4 0 2 8 2 0 0]
  111412 4 5]
 [cl-struct-emacspeak-2048-game-state
  [256 512 256 64 16 32 128 2048 8192 4 16 32 8 4 0 2 8 8 2 0]
  111268 4 5]
 [cl-struct-emacspeak-2048-game-state
  [256 512 256 64 16 32 128 2048 8192 2 16 32 0 0 0 8 0 0 2 0]
  111232 4 5]
 [cl-struct-emacspeak-2048-game-state
  [256 512 256 64 16 32 128 2048 8192 2 4 4 8 32 0 0 2 0 2 0]
  111196 4 5]
 [cl-struct-emacspeak-2048-game-state
  [256 512 256 64 8 32 128 2048 8192 4 4 8 32 2 0 0 0 0 2 0]
  111168 4 5]
 [cl-struct-emacspeak-2048-game-state
  [256 512 256 64 8 32 128 2048 8192 2 4 4 32 2 0 0 0 2 0 0]
  111152 4 5]
 [cl-struct-emacspeak-2048-game-state
  [256 512 256 16 8 2 128 2048 8192 2 4 32 2 4 2 0 4 0 0 0]
  110764 4 5]
 [cl-struct-emacspeak-2048-game-state
  [128 512 256 16 8 32 64 128 2048 8192 8 4 0 2 0 2 0 0 0 0]
  110096 4 5]
 [cl-struct-emacspeak-2048-game-state
  [128 512 256 16 8 2 16 128 2048 8192 4 32 8 0 0 4 0 4 0 0]
  109848 4 5]
 [cl-struct-emacspeak-2048-game-state
  [128 512 256 16 8 2 16 128 2048 8192 4 32 8 0 0 4 0 4 0 0]
  109848 4 5]
 [cl-struct-emacspeak-2048-game-state
  [8 64 512 16 8 8 16 2048 8 4 2 0 128 8192 2 0 0 0 2 4]
  107608 4 5]
 [cl-struct-emacspeak-2048-game-state
  [2 64 512 16 4 16 2048 8 2 0 128 8192 2 0 0 4 0 0 0 0]
  107564 4 5]
 [cl-struct-emacspeak-2048-game-state
  [0 128 0 8 2 32 256 2 64 0 4 16 8192 32 16 2048 2 128 2 16]
  106340 4 5]
 [cl-struct-emacspeak-2048-game-state
  [32 128 2 8 16 4 256 8192 64 8 2048 16 128 16 4 4 4 8 0 0]
  106256 4 5]
 [cl-struct-emacspeak-2048-game-state
  [16 128 2 8 16 8 256 8192 64 8 4 2048 16 128 16 2 0 0 4 8]
  106192 4 5]
 [cl-struct-emacspeak-2048-game-state
  [128 256 2 4 16 16 2048 8192 64 4 0 4 128 8 0 0 0 0 4 4]
  106068 4 5]
 [cl-struct-emacspeak-2048-game-state
  [128 256 2 4 16 16 2048 8192 64 4 0 4 128 8 0 0 0 0 4 4]
  106068 4 5]
 [cl-struct-emacspeak-2048-game-state
  [128 256 2 4 16 16 2048 8192 64 4 0 4 128 8 0 0 0 0 4 4]
  106068 4 5]
 [cl-struct-emacspeak-2048-game-state
  [128 256 2 4 16 4 2048 8192 32 4 4 2 128 32 8 4 0 2 0 0]
  105964 4 5]
 [cl-struct-emacspeak-2048-game-state
  [128 256 2 4 16 4 2048 8192 32 4 4 2 128 32 8 4 0 2 0 0]
  105964 4 5]
 [cl-struct-emacspeak-2048-game-state
  [128 256 2 4 16 4 2048 8192 32 4 4 2 128 32 8 4 0 2 0 0]
  105964 4 5]
 [cl-struct-emacspeak-2048-game-state
  [2 0 4 2 0 64 256 2048 8192 8 16 8 32 16 32 8 128 2 2 16]
  105632 4 5]
 [cl-struct-emacspeak-2048-game-state
  [64 256 4 2 8 16 8 2048 8192 32 8 128 32 16 8 0 0 2 2 8]
  105616 4 5]
 [cl-struct-emacspeak-2048-game-state
  [64 256 4 2 8 16 8 2048 8192 32 8 128 32 16 8 0 0 2 2 8]
  105616 4 5]
 [cl-struct-emacspeak-2048-game-state
  [64 256 4 2 8 16 8 2048 8192 32 4 128 16 8 2 2 0 2 16 4]
  105520 4 5]
 [cl-struct-emacspeak-2048-game-state
  [64 256 4 2 8 16 8 2048 8192 32 4 128 16 8 2 2 0 2 16 4]
  105520 4 5]
 [cl-struct-emacspeak-2048-game-state
  [64 256 4 2 4 2 2048 8192 16 0 16 32 64 16 2 16 2 0 4 0]
  105084 4 5]
 [cl-struct-emacspeak-2048-game-state
  [2 64 128 4 2 8 128 8192 8 16 4 8 2048 64 4 2 32 8 2 0]
  104756 4 5]
 [cl-struct-emacspeak-2048-game-state
  [2 4 8 128 4 16 8192 4 64 4 4 4 128 2048 8 0 0 2 32 2]
  104428 4 5]
 [cl-struct-emacspeak-2048-game-state
  [2 4 8 128 4 16 8192 4 64 4 4 4 128 2048 8 0 0 2 32 2]
  104428 4 5]
 [cl-struct-emacspeak-2048-game-state
  [2 8 128 0 0 4 32 8 4 2 16 8192 128 2048 16 2 4 32 2 2]
  104272 4 5]
 [cl-struct-emacspeak-2048-game-state
  [2 4 4 64 2 4 32 8192 8 4 1024 8 1024 64 8 0 4 32 4 4]
  101288 4 5]
 [cl-struct-emacspeak-2048-game-state
  [4 32 4 64 2 1024 8 8192 8 4 2 16 1024 64 8 8 2 2 4 2]
  101212 4 5]
 [cl-struct-emacspeak-2048-game-state
  [0 32 4 64 2 2 8 8192 8 4 2 16 512 64 8 1024 8 2 512 4]
  100184 4 5]
 [cl-struct-emacspeak-2048-game-state
  [0 4 64 8 2 32 8 8192 32 2 2 512 32 512 4 8 8 1024 2 4]
  100076 4 5]
 [cl-struct-emacspeak-2048-game-state
  [0 4 64 8 2 32 8 8192 32 2 2 512 32 512 4 8 8 1024 2 4]
  100076 4 5]
 [cl-struct-emacspeak-2048-game-state
  [32 4 64 8 2 2 8 8192 32 4 4 512 32 512 2 0 4 8 1024 2]
  100064 4 5]
 [cl-struct-emacspeak-2048-game-state
  [0 32 4 64 2 8 8192 8 2 0 512 32 512 16 4 4 4 1024 8 2]
  99988 4 5]
 [cl-struct-emacspeak-2048-game-state
  [8 32 4 64 4 0 512 8192 8 2 0 2 32 512 16 0 2 4 1024 8]
  99984 4 5]
 [cl-struct-emacspeak-2048-game-state
  [8 2 2 64 4 2 4 8192 8 2 8 8 32 512 16 4 512 4 1024 8]
  99892 4 5]
 [cl-struct-emacspeak-2048-game-state
  [8 2 2 64 4 2 4 8192 8 2 8 8 32 512 16 4 512 4 1024 8]
  99892 4 5]
 [cl-struct-emacspeak-2048-game-state
  [8 4 8192 64 4 2 8 32 8 2 4 512 2 512 16 2 1024 2 0 0]
  99860 4 5]
 [cl-struct-emacspeak-2048-game-state
  [8 4 8192 64 4 2 8 32 8 2 4 512 2 512 16 2 1024 2 0 0]
  99860 4 5]
 [cl-struct-emacspeak-2048-game-state
  [8 4 0 0 0 2 8 8192 64 4 4 512 32 8 2 2 1024 2 512 16]
  99860 4 5]
 [cl-struct-emacspeak-2048-game-state
  [4 8 4 64 2 256 8192 16 2 8 4 1024 256 16 2 2 512 8 4 2]
  99272 4 5]
 [cl-struct-emacspeak-2048-game-state
  [4 8 4 64 2 256 8192 16 2 8 4 1024 256 16 2 2 512 8 4 2]
  99272 4 5]
 [cl-struct-emacspeak-2048-game-state
  [4 8 4 64 2 256 8192 16 2 8 2 2 1024 256 16 2 512 8 4 2]
  99268 4 5]
 [cl-struct-emacspeak-2048-game-state
  [8 4 64 2 8 2 8192 16 256 16 256 2 1024 4 0 2 512 4 0 2]
  99252 4 5]
 [cl-struct-emacspeak-2048-game-state
  [8 4 64 2 8 2 8192 16 256 16 0 256 2 1024 4 0 0 2 512 2]
  99248 4 5]
 [cl-struct-emacspeak-2048-game-state
  [8192 4 128 2 32 256 32 1024 128 2 16 512 8 2 0 8 2 0 0 0]
  98876 4 5]
 [cl-struct-emacspeak-2048-game-state
  [8192 4 128 2 0 256 8 1024 64 32 2 512 64 0 0 4 16 8 0 2]
  98624 4 5]
 [cl-struct-emacspeak-2048-game-state
  [8192 2 2 128 0 256 8 1024 64 32 2 512 32 16 16 4 16 4 2 2]
  98512 4 5]
 [cl-struct-emacspeak-2048-game-state
  [8192 8 2 128 32 256 512 1024 32 8 4 16 16 8 16 0 4 4 0 2]
  98232 4 5]
 [cl-struct-emacspeak-2048-game-state
  [8192 8 2 128 32 256 512 1024 32 8 2 16 4 8 4 0 0 0 2 2]
  98144 4 5]
 [cl-struct-emacspeak-2048-game-state
  [8192 8 2 128 32 256 512 1024 32 8 8 4 0 0 0 2 4 2 4 0]
  98104 4 5]
 [cl-struct-emacspeak-2048-game-state
  [8192 8 2 128 32 128 512 1024 32 8 64 16 4 4 0 16 4 2 0 0]
  97492 4 5]
 [cl-struct-emacspeak-2048-game-state
  [8192 8 2 128 32 64 512 1024 32 8 2 4 2 0 2 0 2 0 0 0]
  96636 4 5]
 [cl-struct-emacspeak-2048-game-state
  [8192 8 2 0 0 512 1024 8 64 0 16 32 2 4 0 8 4 2 0 0]
  95840 4 5]
 [cl-struct-emacspeak-2048-game-state
  [256 8192 1024 2 64 8 256 32 8 2 4 8 2 0 0 4 2 0 0 0]
  95284 4 5]
 [cl-struct-emacspeak-2048-game-state
  [128 8192 1024 2 16 2 64 256 32 4 2 2 4 8 0 0 0 2 0 0]
  94284 4 5]
 [cl-struct-emacspeak-2048-game-state
  [128 8192 1024 2 16 2 64 256 32 4 2 2 4 8 0 0 0 2 0 0]
  94284 4 5]
 [cl-struct-emacspeak-2048-game-state
  [128 8192 1024 2 16 16 32 256 16 8 4 8 4 2 0 4 0 2 0 0]
  94080 4 5]
 [cl-struct-emacspeak-2048-game-state
  [128 8192 512 256 128 8 64 128 64 32 2 4 16 4 16 0 0 0 2 4]
  91100 4 5]
 [cl-struct-emacspeak-2048-game-state
  [128 8192 512 256 128 8 64 128 64 32 4 8 4 16 0 2 8 0 2 0]
  91080 4 5]
 [cl-struct-emacspeak-2048-game-state
  [128 8192 512 256 64 0 4 8 16 32 0 0 2 8 16 0 0 0 4 8]
  89344 4 5]
 [cl-struct-emacspeak-2048-game-state
  [128 8192 512 256 64 0 4 8 16 32 0 0 2 4 16 0 0 0 2 4]
  89320 4 5]
 [cl-struct-emacspeak-2048-game-state
  [128 8192 512 256 32 0 2 8 16 8 0 0 0 2 8 2 0 0 0 2]
  88976 4 5]
 [cl-struct-emacspeak-2048-game-state
  [128 8192 512 128 16 8 64 32 4 0 2 8 0 0 2 2 0 0 0 0]
  88272 4 5]
 [cl-struct-emacspeak-2048-game-state
  [128 8192 512 128 16 8 64 32 4 0 2 8 0 0 2 2 0 0 0 0]
  88272 4 5]
 [cl-struct-emacspeak-2048-game-state
  [128 8192 256 128 64 0 16 128 32 16 0 2 0 2 2 0 2 0 0 0]
  86780 4 5]
 [cl-struct-emacspeak-2048-game-state
  [128 8192 256 128 64 64 16 8 2 0 16 4 4 4 0 4 0 0 0 0]
  86244 4 5]
 [cl-struct-emacspeak-2048-game-state
  [128 8192 256 128 64 64 16 4 4 0 16 2 0 0 0 4 0 0 2 0]
  86232 4 5]
 [cl-struct-emacspeak-2048-game-state
  [128 8192 256 128 64 4 16 32 8 0 0 4 2 2 0 0 2 0 0 0]
  86016 4 5]
 [cl-struct-emacspeak-2048-game-state
  [128 8192 256 128 32 16 32 16 8 8 2 2 0 2 2 0 0 0 0 0]
  85884 4 5]
 [cl-struct-emacspeak-2048-game-state
  [64 8192 256 32 16 4 32 64 8 4 0 0 2 4 8 2 0 0 0 4]
  84976 4 5]
 [cl-struct-emacspeak-2048-game-state
  [32 8192 256 32 2 16 64 4 2 0 8 4 2 0 0 2 0 0 0 0]
  84652 4 5]
 [cl-struct-emacspeak-2048-game-state
  [32 8192 256 32 2 16 64 4 2 0 8 4 2 0 0 2 0 0 0 0]
  84652 4 5]
 [cl-struct-emacspeak-2048-game-state
  [8 8192 256 2 0 2 4 64 0 0 8 0 0 0 0 4 4 0 0 0]
  84380 4 5]
 [cl-struct-emacspeak-2048-game-state
  [4 4096 2048 1024 256 512 128 256 8 4 64 8 4 2 2 8 4 0 0 0]
  82092 4 5]
 [cl-struct-emacspeak-2048-game-state
  [4 4096 2048 1024 256 512 128 256 8 4 64 8 4 2 2 8 4 0 0 0]
  82092 4 5]
 [cl-struct-emacspeak-2048-game-state
  [4 4096 2048 1024 256 512 128 256 8 4 64 8 4 2 2 8 4 0 0 0]
  82092 4 5]
 [cl-struct-emacspeak-2048-game-state
  [4 4096 2048 1024 256 0 512 128 256 8 0 2 4 32 0 2 0 2 2 0]
  81864 4 5]
 [cl-struct-emacspeak-2048-game-state
  [2 4096 2048 1024 128 512 64 128 64 16 16 8 2 8 0 2 4 0 0 0]
  79696 4 5]
 [cl-struct-emacspeak-2048-game-state
  [2 4096 2048 1024 128 512 64 128 64 16 16 8 2 8 0 2 4 0 0 0]
  79696 4 5]
 [cl-struct-emacspeak-2048-game-state
  [2 4096 2048 1024 128 512 64 128 64 16 16 8 2 8 0 2 4 0 0 0]
  79696 4 5]
 [cl-struct-emacspeak-2048-game-state
  [2 4096 2048 1024 128 512 64 128 64 16 16 4 4 2 8 2 0 0 0 0]
  79688 4 5]
 [cl-struct-emacspeak-2048-game-state
  [2 4096 2048 1024 128 512 32 128 64 16 8 0 8 32 4 4 0 0 0 2]
  79596 4 5]
 [cl-struct-emacspeak-2048-game-state
  [2 4096 2048 1024 128 512 16 128 64 16 8 16 8 32 0 4 0 0 0 4]
  79564 4 5]
 [cl-struct-emacspeak-2048-game-state
  [2 4096 2048 1024 128 512 16 128 32 8 2 2 8 16 2 4 0 0 0 2]
  79208 4 5]
 [cl-struct-emacspeak-2048-game-state
  [512 4096 2048 1024 128 2 4 32 64 16 2 4 16 8 0 2 0 0 0 0]
  78772 4 5]
 [cl-struct-emacspeak-2048-game-state
  [512 4096 2048 512 128 16 64 256 128 128 2 2 2 4 2 0 0 0 16 0]
  76840 4 5]
 [cl-struct-emacspeak-2048-game-state
  [512 4096 2048 512 128 16 64 256 128 64 2 0 0 4 64 0 0 2 16 2]
  76712 4 5]
 [cl-struct-emacspeak-2048-game-state
  [512 4096 2048 512 128 8 32 256 128 32 0 2 2 8 16 0 0 0 0 4]
  76024 4 5]
 [cl-struct-emacspeak-2048-game-state
  [512 4096 2048 512 128 16 32 64 128 64 2 2 4 2 2 0 0 0 0 0]
  74752 4 5]
 [cl-struct-emacspeak-2048-game-state
  [512 4096 2048 512 128 4 16 32 128 64 0 4 2 16 2 2 0 4 4 8]
  74516 4 5]
 [cl-struct-emacspeak-2048-game-state
  [512 4096 2048 512 128 0 16 32 128 64 2 4 2 16 2 0 2 0 0 8]
  74504 4 5]
 [cl-struct-emacspeak-2048-game-state
  [512 4096 2048 512 128 0 16 32 128 64 2 4 2 16 2 0 2 0 0 8]
  74504 4 5]
 [cl-struct-emacspeak-2048-game-state
  [512 4096 2048 512 64 16 32 128 64 32 2 0 2 16 16 0 0 0 4 16]
  74272 4 5]
 [cl-struct-emacspeak-2048-game-state
  [512 4096 2048 512 64 16 32 128 64 32 0 0 0 2 16 2 0 0 0 8]
  74192 4 5]
 [cl-struct-emacspeak-2048-game-state
  [512 4096 2048 512 64 16 32 128 64 32 0 0 0 2 16 2 0 0 0 8]
  74192 4 5]
 [cl-struct-emacspeak-2048-game-state
  [512 4096 2048 512 64 16 32 128 64 32 0 0 0 2 16 2 0 0 0 8]
  74192 4 5]
 [cl-struct-emacspeak-2048-game-state
  [512 4096 2048 512 64 16 32 128 64 32 0 0 0 2 16 2 0 0 0 8]
  74192 4 5]
 [cl-struct-emacspeak-2048-game-state
  [512 4096 2048 512 64 16 32 128 64 16 2 0 2 4 4 0 2 0 0 2]
  74064 4 5]
 [cl-struct-emacspeak-2048-game-state
  [512 4096 2048 512 64 16 32 128 32 16 2 16 16 2 2 0 0 4 0 2]
  73964 4 5]
 [cl-struct-emacspeak-2048-game-state
  [512 4096 2048 512 64 8 32 128 32 8 4 16 4 2 0 2 4 0 0 0]
  73872 4 5]
 [cl-struct-emacspeak-2048-game-state
  [512 4096 2048 512 64 8 32 128 32 8 4 16 2 0 2 2 4 0 0 0]
  73868 4 5]
 [cl-struct-emacspeak-2048-game-state
  [512 4096 2048 512 32 2 8 16 32 4 0 0 2 0 2 0 0 0 0 0]
  72788 4 5]
 [cl-struct-emacspeak-2048-game-state
  [512 4096 2048 256 128 2 16 64 32 16 0 0 0 4 8 0 0 2 0 4]
  71508 4 5]
 [cl-struct-emacspeak-2048-game-state
  [512 4096 2048 256 0 4 4 2 0 0 2 16 0 0 2 4 0 0 0 0]
  70256 4 5]
 [cl-struct-emacspeak-2048-game-state
  [512 4096 1024 512 128 2 16 128 16 4 8 4 8 8 4 0 2 0 0 2]
  63024 4 5]
 [cl-struct-emacspeak-2048-game-state
  [512 4096 1024 512 128 4 32 16 8 0 2 4 2 0 0 0 8 0 0 2]
  62328 4 5]
 [cl-struct-emacspeak-2048-game-state
  [256 4096 1024 512 128 16 32 128 32 8 0 8 4 0 2 0 0 2 2 0]
  60936 4 5]
 [cl-struct-emacspeak-2048-game-state
  [256 4096 1024 512 128 16 32 128 32 8 0 8 4 0 2 0 0 2 2 0]
  60936 4 5]
 [cl-struct-emacspeak-2048-game-state
  [256 4096 1024 512 128 32 128 4 2 0 2 0 0 2 0 2 0 0 0 0]
  60728 4 5]
 [cl-struct-emacspeak-2048-game-state
  [256 4096 1024 512 128 0 4 32 8 32 0 4 4 2 8 0 0 0 0 2]
  60144 4 5]
 [cl-struct-emacspeak-2048-game-state
  [256 4096 1024 256 128 32 128 64 16 2 8 16 4 4 0 0 0 4 0 0]
  58896 4 5]
 [cl-struct-emacspeak-2048-game-state
  [128 4096 1024 256 128 32 64 128 64 16 16 32 16 4 2 16 2 0 0 0]
  58396 4 5]
 [cl-struct-emacspeak-2048-game-state
  [128 4096 1024 256 128 32 64 128 64 16 16 32 8 8 4 2 0 2 0 0]
  58340 4 5]
 [cl-struct-emacspeak-2048-game-state
  [128 4096 1024 256 128 32 64 128 64 16 16 32 8 8 4 2 0 2 0 0]
  58340 4 5]
 [cl-struct-emacspeak-2048-game-state
  [128 4096 1024 256 128 32 64 128 64 16 16 32 8 8 4 2 0 2 0 0]
  58340 4 5]
 [cl-struct-emacspeak-2048-game-state
  [128 4096 1024 256 128 32 64 128 64 8 2 16 2 4 0 8 2 0 0 0]
  58164 4 5]
 [cl-struct-emacspeak-2048-game-state
  [128 4096 1024 256 128 32 64 128 64 8 16 2 4 0 0 8 0 0 0 0]
  58164 4 5]
 [cl-struct-emacspeak-2048-game-state
  [128 4096 1024 256 128 32 64 128 64 8 16 2 4 0 0 8 0 0 0 0]
  58164 4 5]
 [cl-struct-emacspeak-2048-game-state
  [128 4096 1024 256 128 2 8 32 128 32 4 2 4 16 4 2 4 2 4 0]
  57676 4 5]
 [cl-struct-emacspeak-2048-game-state
  [128 4096 1024 256 128 2 8 32 128 16 4 2 4 16 4 2 0 0 4 2]
  57596 4 5]
 [cl-struct-emacspeak-2048-game-state
  [128 4096 1024 256 0 2 32 4 8 0 4 2 0 0 0 0 0 0 0 0]
  55988 4 5]
 [cl-struct-emacspeak-2048-game-state
  [128 4096 512 256 128 32 256 64 8 2 8 16 8 0 0 4 2 0 0 0]
  53824 4 5]
 [cl-struct-emacspeak-2048-game-state
  [128 4096 512 256 128 16 32 64 128 32 0 8 32 8 2 0 4 2 2 0]
  53044 4 5]
 [cl-struct-emacspeak-2048-game-state
  [128 4096 512 256 128 8 32 64 128 32 2 8 16 8 2 0 4 2 0 0]
  52940 4 5]
 [cl-struct-emacspeak-2048-game-state
  [128 4096 512 256 128 16 16 64 128 32 2 4 4 16 2 0 0 2 0 0]
  52868 4 5]
 [cl-struct-emacspeak-2048-game-state
  [128 4096 512 256 128 8 16 64 128 32 4 8 8 0 0 2 0 0 0 2]
  52820 4 5]
 [cl-struct-emacspeak-2048-game-state
  [64 4096 512 256 64 8 32 128 32 8 4 16 4 0 0 0 2 0 0 4]
  51744 4 5]
 [cl-struct-emacspeak-2048-game-state
  [32 4096 512 128 64 4 8 8 32 128 0 0 2 2 8 0 0 0 0 4]
  50384 4 5]
 [cl-struct-emacspeak-2048-game-state
  [32 4096 512 128 64 0 4 32 64 32 0 2 2 4 2 0 0 0 2 4]
  50036 4 5]
 [cl-struct-emacspeak-2048-game-state
  [32 4096 512 128 64 0 4 16 64 32 0 2 0 2 2 0 0 0 2 0]
  49952 4 5]
 [cl-struct-emacspeak-2048-game-state
  [32 4096 512 64 32 8 32 64 32 0 4 2 4 2 0 2 0 2 0 0]
  49428 4 5]
 [cl-struct-emacspeak-2048-game-state
  [4096 512 2 0 0 2 4 8 0 0 2 4 0 0 0 4 2 0 0 0]
  48320 4 5]
 [cl-struct-emacspeak-2048-game-state
  [4096 128 64 16 32 0 0 0 4 16 0 0 0 2 2 0 0 0 0 4]
  45544 4 5]
 [cl-struct-emacspeak-2048-game-state
  [4096 128 8 0 0 8 16 0 0 0 2 4 2 0 0 2 2 0 0 0]
  45100 4 5]
 [cl-struct-emacspeak-2048-game-state
  [4096 128 8 0 0 8 16 0 0 0 2 4 2 0 0 2 2 0 0 0]
  45100 4 5]
 [cl-struct-emacspeak-2048-game-state
  [4096 128 8 0 0 8 16 0 0 0 2 4 2 0 0 2 2 0 0 0]
  45100 4 5]
 [cl-struct-emacspeak-2048-game-state
  [4096 128 8 0 0 8 16 0 0 0 2 4 2 0 0 2 2 0 0 0]
  45100 4 5]
 [cl-struct-emacspeak-2048-game-state
  [4096 128 8 0 0 8 16 0 0 0 2 4 2 0 0 2 2 0 0 0]
  45100 4 5]
 [cl-struct-emacspeak-2048-game-state
  [4096 32 8 64 4 16 8 0 0 0 8 0 0 0 0 0 0 0 0 2]
  44800 4 5]
 [cl-struct-emacspeak-2048-game-state
  [4096 16 2 0 0 2 4 8 64 0 4 2 8 0 0 2 0 0 0 2]
  44664 4 5]
 [cl-struct-emacspeak-2048-game-state
  [2048 1024 512 256 4 8 64 128 8 0 4 16 2 4 0 2 0 0 2 0]
  35996 4 5]
 [cl-struct-emacspeak-2048-game-state
  [2048 1024 512 256 4 64 128 8 2 16 2 4 0 0 0 0]
  35976 4 4]
 [cl-struct-emacspeak-2048-game-state
  [2048 1024 512 256 2 32 128 8 0 8 16 4 0 0 0 2]
  35800 4 4]
 [cl-struct-emacspeak-2048-game-state
  [2048 1024 512 128 32 128 64 16 16 32 8 0 4 2 2 0]
  35256 4 4]
 [cl-struct-emacspeak-2048-game-state
  [2048 1024 512 128 32 128 64 16 2 4 32 2 4 0 0 0]
  35200 4 4]
 [cl-struct-emacspeak-2048-game-state
  [2048 1024 512 128 16 128 64 16 0 16 4 4 0 0 4 2]
  35044 4 4]
 [cl-struct-emacspeak-2048-game-state
  [2048 1024 512 64 4 64 8 2 0 4 4 4 0 0 2 0]
  33744 4 4]
 [cl-struct-emacspeak-2048-game-state
  [2048 1024 256 32 64 256 16 2 2 4 0 0 4 0 2 0]
  33068 4 4]
 [cl-struct-emacspeak-2048-game-state
  [2048 1024 256 32 64 128 64 2 4 2 4 16 0 0 0 8]
  32392 4 4]
 [cl-struct-emacspeak-2048-game-state
  [2048 1024 256 32 64 128 64 2 2 4 16 0 8 0 0 0]
  32392 4 4]
 [cl-struct-emacspeak-2048-game-state
  [2048 1024 256 16 64 128 16 8 2 8 4 2 8 8 4 0]
  32060 4 4]
 [cl-struct-emacspeak-2048-game-state
  [2048 1024 256 16 32 128 16 4 4 16 8 4 2 2 4 2]
  31888 4 4]
 [cl-struct-emacspeak-2048-game-state
  [2048 1024 256 16 32 128 16 4 4 16 8 2 2 4 2 0]
  31884 4 4]
 [cl-struct-emacspeak-2048-game-state
  [2048 1024 256 16 32 128 16 4 4 16 8 2 2 4 2 0]
  31884 4 4]
 [cl-struct-emacspeak-2048-game-state
  [2048 1024 256 8 32 128 16 4 2 16 8 2 2 0 4 0]
  31852 4 4]
 [cl-struct-emacspeak-2048-game-state
  [2048 1024 256 8 32 128 16 2 8 8 2 4 2 0 0 0]
  31816 4 4]
 [cl-struct-emacspeak-2048-game-state
  [2048 1024 256 8 32 128 16 2 8 8 2 4 2 0 0 0]
  31816 4 4]
 [cl-struct-emacspeak-2048-game-state
  [2048 1024 256 4 2 4 128 8 16 2 0 2 2 4 0 0]
  31668 4 4]
 [cl-struct-emacspeak-2048-game-state
  [2048 1024 256 2 2 128 4 0 8 4 0 0 2 0 0 0]
  31624 4 4]
 [cl-struct-emacspeak-2048-game-state
  [2048 1024 64 128 2 128 32 0 4 2 8 2 2 0 0 0]
  31052 4 4]
 [cl-struct-emacspeak-2048-game-state
  [2048 1024 8 128 16 32 64 16 8 4 0 0 4 0 0 2]
  30408 4 4]
 [cl-struct-emacspeak-2048-game-state
  [2048 1024 8 128 8 64 2 0 16 8 4 0 4 2 0 0]
  30256 4 4]
 [cl-struct-emacspeak-2048-game-state
  [2048 1024 8 128 8 64 2 0 16 8 4 0 4 2 0 0]
  30256 4 4]
 [cl-struct-emacspeak-2048-game-state
  [2048 1024 8 128 8 64 2 0 16 8 4 0 4 2 0 0]
  30256 4 4]
 [cl-struct-emacspeak-2048-game-state
  [2048 1024 4 128 32 8 2 0 8 0 0 2 2 0 0 0]
  30016 4 4]
 [cl-struct-emacspeak-2048-game-state
  [2048 1024 2 128 4 4 16 0 2 2 2 0 8 2 0 0]
  29924 4 4]
 [cl-struct-emacspeak-2048-game-state
  [2048 512 2 128 32 64 256 16 8 16 128 4 0 2 0 2]
  27860 4 4]
 [cl-struct-emacspeak-2048-game-state
  [2048 512 2 128 32 64 256 16 8 16 128 4 0 2 0 2]
  27860 4 4]
 [cl-struct-emacspeak-2048-game-state
  [2048 512 256 64 16 32 64 8 2 2 2 0 2 0 0 0]
  26644 4 4]
 [cl-struct-emacspeak-2048-game-state
  [2048 512 256 64 4 16 64 8 8 2 2 0 2 4 0 0]
  26544 4 4]
 [cl-struct-emacspeak-2048-game-state
  [2048 512 256 64 4 16 64 8 8 2 2 0 2 4 0 0]
  26544 4 4]
 [cl-struct-emacspeak-2048-game-state
  [2048 512 256 64 4 16 64 8 0 4 4 2 0 0 2 4]
  26536 4 4]
 [cl-struct-emacspeak-2048-game-state
  [2048 512 256 64 4 16 64 8 2 4 2 0 4 0 0 0]
  26532 4 4]
 [cl-struct-emacspeak-2048-game-state
  [2048 512 256 64 2 16 64 8 0 0 2 4 2 0 0 0]
  26528 4 4]
 [cl-struct-emacspeak-2048-game-state
  [2048 512 256 4 8 32 8 2 8 8 4 0 2 0 0 0]
  26032 4 4]
 [cl-struct-emacspeak-2048-game-state
  [2048 512 256 4 4 16 8 0 8 4 2 0 2 2 0 0]
  25936 4 4]
 [cl-struct-emacspeak-2048-game-state
  [2048 512 256 0 4 16 8 0 8 4 0 0 2 0 0 2]
  25932 4 4]
 [cl-struct-emacspeak-2048-game-state
  [2048 512 128 64 0 8 32 4 0 2 8 4 2 0 0 4]
  25324 4 4]
 [cl-struct-emacspeak-2048-game-state
  [2048 512 128 64 0 8 32 4 0 4 4 2 0 2 0 0]
  25312 4 4]
 [cl-struct-emacspeak-2048-game-state
  [2048 512 128 32 8 32 16 16 4 2 2 4 0 0 0 0]
  25212 4 4]
 [cl-struct-emacspeak-2048-game-state
  [2048 512 128 32 8 32 16 16 4 2 2 4 0 0 0 0]
  25212 4 4]
 [cl-struct-emacspeak-2048-game-state
  [2048 512 128 32 8 32 16 16 4 2 2 4 0 0 0 0]
  25212 4 4]
 [cl-struct-emacspeak-2048-game-state
  [2048 512 128 16 8 32 16 16 2 0 4 4 0 0 2 2]
  25136 4 4]
 [cl-struct-emacspeak-2048-game-state
  [2048 512 128 16 4 32 8 2 4 8 2 0 0 4 0 0]
  25064 4 4]
 [cl-struct-emacspeak-2048-game-state
  [2048 512 128 16 4 32 8 2 4 8 2 0 0 4 0 0]
  25064 4 4]
 [cl-struct-emacspeak-2048-game-state
  [2048 512 128 16 4 32 4 2 8 0 0 0 2 0 0 0]
  25052 4 4]
 [cl-struct-emacspeak-2048-game-state
  [2048 512 128 16 2 16 8 2 0 2 4 8 0 0 0 4]
  24988 4 4]
 [cl-struct-emacspeak-2048-game-state
  [2048 512 128 16 16 8 0 2 8 0 0 0 2 2 0 0]
  24984 4 4]
 [cl-struct-emacspeak-2048-game-state
  [2048 512 64 8 0 16 2 2 0 0 8 0 2 0 2 0]
  24496 4 4]
 [cl-struct-emacspeak-2048-game-state
  [2048 512 64 4 16 2 0 0 2 2 0 0 4 0 0 0]
  24476 4 4]
 [cl-struct-emacspeak-2048-game-state
  [2048 512 64 4 16 2 0 0 2 2 0 0 4 0 0 0]
  24476 4 4]
 [cl-struct-emacspeak-2048-game-state
  [2048 512 32 4 0 2 4 32 0 0 2 4 0 0 0 2]
  24372 4 4]
 [cl-struct-emacspeak-2048-game-state
  [2048 512 32 2 16 4 2 0 8 0 0 0 0 0 0 0]
  24300 4 4]
 [cl-struct-emacspeak-2048-game-state
  [2048 512 32 0 16 4 0 0 4 0 0 0 2 0 0 2]
  24288 4 4]
 [cl-struct-emacspeak-2048-game-state
  [2048 512 32 0 8 8 2 0 2 0 2 0 2 0 0 0]
  24264 4 4]
 [cl-struct-emacspeak-2048-game-state
  [2048 512 16 16 4 4 8 2 0 0 2 0 0 2 0 0]
  24224 4 4]
 [cl-struct-emacspeak-2048-game-state
  [2048 512 16 16 4 4 8 2 0 0 2 0 0 2 0 0]
  24224 4 4]
 [cl-struct-emacspeak-2048-game-state
  [2048 512 16 16 4 4 8 2 0 0 2 0 0 2 0 0]
  24224 4 4]
 [cl-struct-emacspeak-2048-game-state
  [2048 512 16 8 2 4 8 8 2 0 2 2 0 0 0 0]
  24204 4 4]
 [cl-struct-emacspeak-2048-game-state
  [2048 512 16 8 2 4 8 8 2 0 2 2 0 0 0 0]
  24204 4 4]
 [cl-struct-emacspeak-2048-game-state
  [2048 512 16 0 2 8 2 0 4 2 0 0 2 0 0 4]
  24176 4 4]
 [cl-struct-emacspeak-2048-game-state
  [2048 256 128 4 64 16 4 4 8 4 2 0 2 0 0 0]
  22980 4 4]
 [cl-struct-emacspeak-2048-game-state
  [2048 256 128 4 32 32 16 4 2 4 0 0 0 0 0 2]
  22896 4 4]
 [cl-struct-emacspeak-2048-game-state
  [2048 256 128 4 16 32 16 2 2 2 4 0 0 0 2 0]
  22820 4 4]
 [cl-struct-emacspeak-2048-game-state
  [2048 256 128 4 4 32 16 0 4 8 0 0 0 2 0 0]
  22796 4 4]
 [cl-struct-emacspeak-2048-game-state
  [2048 256 32 32 4 32 64 2 2 8 16 0 0 0 2 0]
  22596 4 4]
 [cl-struct-emacspeak-2048-game-state
  [2048 256 32 32 4 32 64 2 2 8 16 0 0 0 2 0]
  22596 4 4]
 [cl-struct-emacspeak-2048-game-state
  [2048 256 32 16 4 32 64 8 0 8 16 8 0 0 2 0]
  22548 4 4]
 [cl-struct-emacspeak-2048-game-state
  [2048 256 32 16 4 32 64 8 0 8 16 8 0 0 2 0]
  22548 4 4]
 [cl-struct-emacspeak-2048-game-state
  [2048 256 32 16 4 32 64 8 0 8 16 8 0 0 2 0]
  22548 4 4]
 [cl-struct-emacspeak-2048-game-state
  [2048 256 32 16 2 32 64 8 8 16 4 0 0 0 2 0]
  22532 4 4]
 [cl-struct-emacspeak-2048-game-state
  [2048 256 32 8 4 64 2 4 2 16 4 2 4 0 0 0]
  22360 4 4]
 [cl-struct-emacspeak-2048-game-state
  [2048 256 16 8 4 64 8 0 8 0 0 0 4 2 2 0]
  22256 4 4]
 [cl-struct-emacspeak-2048-game-state
  [2048 256 16 8 4 64 4 4 8 0 0 0 4 0 2 0]
  22248 4 4]
 [cl-struct-emacspeak-2048-game-state
  [2048 128 16 2 16 128 4 2 8 32 2 0 2 4 0 0]
  21824 4 4]
 [cl-struct-emacspeak-2048-game-state
  [2048 64 64 16 16 128 4 2 8 32 2 0 2 4 0 0]
  21696 4 4]
 [cl-struct-emacspeak-2048-game-state
  [2048 64 16 4 8 128 8 2 16 8 4 0 4 0 2 0]
  21296 4 4]
 [cl-struct-emacspeak-2048-game-state
  [2048 64 16 4 8 128 8 2 16 8 4 0 4 0 2 0]
  21296 4 4]
 [cl-struct-emacspeak-2048-game-state
  [2048 16 2 2 32 128 0 0 16 4 2 0 4 2 0 0]
  21072 4 4]
 [cl-struct-emacspeak-2048-game-state
  [2048 8 8 2 32 128 0 0 16 4 0 2 4 0 0 0]
  21056 4 4]
 [cl-struct-emacspeak-2048-game-state
  [2048 8 8 2 32 128 0 0 16 4 0 2 4 0 0 0]
  21056 4 4]
 [cl-struct-emacspeak-2048-game-state
  [2048 4 4 2 32 128 2 0 16 4 0 0 4 0 0 0]
  21036 4 4]
 [cl-struct-emacspeak-2048-game-state
  [2048 2 2 0 32 128 4 0 16 4 0 0 4 0 0 0]
  21032 4 4]
 [cl-struct-emacspeak-2048-game-state
  [2048 2 2 0 32 128 4 0 16 4 0 0 4 0 0 0]
  21032 4 4]
 [cl-struct-emacspeak-2048-game-state
  [1024 512 256 128 32 128 64 4 16 16 4 2 2 2 0 0]
  16796 4 4]
 [cl-struct-emacspeak-2048-game-state
  [1024 512 256 128 32 128 64 4 16 16 4 2 2 2 0 0]
  16796 4 4]
 [cl-struct-emacspeak-2048-game-state
  [1024 512 256 128 32 128 64 4 16 16 4 2 2 2 0 0]
  16796 4 4]
 [cl-struct-emacspeak-2048-game-state
  [1024 512 256 128 32 128 16 8 2 4 32 4 2 8 4 0]
  16596 4 4]
 [cl-struct-emacspeak-2048-game-state
  [1024 512 256 128 32 128 16 8 2 4 32 4 2 8 4 0]
  16596 4 4]
 [cl-struct-emacspeak-2048-game-state
  [1024 512 256 16 32 64 16 8 2 0 2 4 0 0 0 0]
  15292 4 4]
 [cl-struct-emacspeak-2048-game-state
  [1024 512 256 8 16 64 16 2 4 2 0 0 0 2 0 0]
  15168 4 4]
 [cl-struct-emacspeak-2048-game-state
  [1024 512 256 8 8 32 8 2 2 8 0 0 4 2 0 2]
  14928 4 4]
 [cl-struct-emacspeak-2048-game-state
  [1024 512 256 8 8 32 8 2 2 8 0 0 4 2 0 2]
  14928 4 4]
 [cl-struct-emacspeak-2048-game-state
  [1024 512 128 8 4 32 64 32 8 2 4 2 4 2 0 0]
  14336 4 4]
 [cl-struct-emacspeak-2048-game-state
  [1024 512 128 8 4 16 64 32 8 16 4 2 4 2 0 0]
  14304 4 4]
 [cl-struct-emacspeak-2048-game-state
  [1024 512 128 8 4 16 64 32 0 8 16 4 2 0 2 2]
  14300 4 4]
 [cl-struct-emacspeak-2048-game-state
  [1024 512 128 8 16 64 32 0 8 16 2 0 2 0 0 0]
  14292 4 4]
 [cl-struct-emacspeak-2048-game-state
  [1024 512 64 32 8 64 32 16 2 8 2 0 8 2 0 0]
  13944 4 4]
 [cl-struct-emacspeak-2048-game-state
  [1024 512 64 32 2 4 16 8 0 0 0 4 0 0 0 2]
  13484 4 4]
 [cl-struct-emacspeak-2048-game-state
  [1024 512 64 32 2 0 16 4 0 0 0 2 0 4 0 0]
  13468 4 4]
 [cl-struct-emacspeak-2048-game-state
  [1024 512 16 8 16 32 4 2 8 2 0 0 2 0 0 0]
  13228 4 4]
 [cl-struct-emacspeak-2048-game-state
  [1024 512 4 2 8 16 8 0 2 8 2 0 0 0 0 0]
  13072 4 4]
 [cl-struct-emacspeak-2048-game-state
  [1024 512 4 2 8 16 8 0 2 8 2 0 0 0 0 0]
  13072 4 4]
 [cl-struct-emacspeak-2048-game-state
  [1024 256 128 128 2 2 16 8 2 0 4 4 0 0 0 0]
  12276 4 4]
 [cl-struct-emacspeak-2048-game-state
  [1024 256 128 64 2 16 32 32 0 0 4 8 0 0 4 0]
  12084 4 4]
 [cl-struct-emacspeak-2048-game-state
  [1024 256 128 64 16 32 8 4 4 8 2 0 2 0 0 0]
  11980 4 4]
 [cl-struct-emacspeak-2048-game-state
  [1024 256 128 64 16 32 8 2 4 8 0 0 0 0 0 2]
  11976 4 4]
 [cl-struct-emacspeak-2048-game-state
  [1024 256 128 64 16 32 4 2 0 0 2 8 0 0 0 2]
  11964 4 4]
 [cl-struct-emacspeak-2048-game-state
  [1024 256 128 64 16 32 4 2 8 0 0 0 2 0 0 0]
  11964 4 4]
 [cl-struct-emacspeak-2048-game-state
  [1024 256 128 32 0 8 32 16 2 2 8 2 0 0 0 2]
  11784 4 4]
 [cl-struct-emacspeak-2048-game-state
  [1024 256 128 32 0 8 32 16 2 2 8 2 0 0 0 2]
  11784 4 4]
 [cl-struct-emacspeak-2048-game-state
  [1024 256 128 32 4 4 32 16 2 0 8 2 0 0 2 0]
  11776 4 4]
 [cl-struct-emacspeak-2048-game-state
  [1024 256 128 32 4 4 32 16 2 0 8 2 0 0 2 0]
  11776 4 4]
 [cl-struct-emacspeak-2048-game-state
  [1024 256 128 32 4 4 32 16 2 0 8 2 0 0 2 0]
  11776 4 4]
 [cl-struct-emacspeak-2048-game-state
  [1024 256 128 32 8 8 16 8 2 4 8 4 0 2 0 2]
  11696 4 4]
 [cl-struct-emacspeak-2048-game-state
  [1024 256 128 32 4 8 16 8 0 2 8 4 0 0 2 0]
  11680 4 4]
 [cl-struct-emacspeak-2048-game-state
  [1024 256 128 32 4 8 16 8 0 2 8 4 0 0 2 0]
  11680 4 4]
 [cl-struct-emacspeak-2048-game-state
  [1024 256 128 32 4 8 16 4 2 0 4 2 0 0 2 0]
  11652 4 4]
 [cl-struct-emacspeak-2048-game-state
  [1024 256 128 32 4 8 16 4 2 0 4 2 0 0 2 0]
  11652 4 4]
 [cl-struct-emacspeak-2048-game-state
  [1024 256 128 32 4 8 16 2 4 2 0 0 0 2 0 0]
  11648 4 4]
 [cl-struct-emacspeak-2048-game-state
  [1024 256 128 32 0 2 4 16 0 0 2 4 0 0 4 2]
  11636 4 4]
 [cl-struct-emacspeak-2048-game-state
  [1024 256 64 32 4 16 32 4 2 2 4 2 0 0 0 2]
  11324 4 4]
 [cl-struct-emacspeak-2048-game-state
  [1024 256 64 16 2 4 16 4 0 0 0 2 0 2 0 0]
  11124 4 4]
 [cl-struct-emacspeak-2048-game-state
  [1024 256 16 2 16 8 0 0 4 2 0 2 2 0 0 0]
  10828 4 4]
 [cl-struct-emacspeak-2048-game-state
  [1024 256 16 2 16 8 0 0 4 2 0 2 2 0 0 0]
  10828 4 4]
 [cl-struct-emacspeak-2048-game-state
  [1024 4 16 4 2 8 4 4 0 0 2 2 0 0 0 0]
  9044 4 4]
 [cl-struct-emacspeak-2048-game-state
  [1024 2 16 2 2 4 2 0 8 2 4 0 0 0 0 0]
  9036 4 4]
 [cl-struct-emacspeak-2048-game-state
  [1024 2 0 0 2 4 16 0 4 0 0 0 2 2 0 0]
  9024 4 4]
 [cl-struct-emacspeak-2048-game-state
  [512 256 128 64 4 16 2 2 4 8 0 0 0 2 0 0]
  6812 4 4]
 [cl-struct-emacspeak-2048-game-state
  [512 256 128 8 4 16 4 0 2 8 0 4 8 0 0 0]
  6540 4 4]
 [cl-struct-emacspeak-2048-game-state
  [512 128 32 16 2 4 64 8 8 8 2 0 4 0 0 2]
  5228 4 4]
 [cl-struct-emacspeak-2048-game-state
  [512 128 32 16 4 32 16 4 8 16 0 0 2 4 0 2]
  5104 4 4]
 [cl-struct-emacspeak-2048-game-state
  [512 128 4 2 16 0 0 0 8 0 2 0 4 0 0 0]
  4768 4 4]
 [cl-struct-emacspeak-2048-game-state
  [512 128 0 0 4 8 4 2 4 2 0 0 4 2 0 0]
  4732 4 4]
 [cl-struct-emacspeak-2048-game-state
  [32 128 256 128 16 16 4 4 8 4 0 0 0 0 2 0]
  3428 4 4]
 [cl-struct-emacspeak-2048-game-state
  [32 128 256 128 8 16 4 2 0 8 2 0 0 4 0 2]
  3392 4 4]
 [cl-struct-emacspeak-2048-game-state
  [32 128 256 128 4 16 4 2 4 8 2 0 0 4 0 0]
  3384 4 4]
 [cl-struct-emacspeak-2048-game-state
  [16 64 256 128 4 16 32 2 4 2 4 0 0 0 0 0]
  2992 4 4]
 [cl-struct-emacspeak-2048-game-state
  [16 64 256 128 8 16 8 8 2 0 4 2 0 0 0 0]
  2904 4 4]
 [cl-struct-emacspeak-2048-game-state
  [4 64 256 128 0 4 8 8 0 0 4 4 0 0 0 0]
  2808 4 4]
 [cl-struct-emacspeak-2048-game-state
  [0 64 256 128 0 4 8 4 0 0 2 4 0 0 2 4]
  2796 4 4]
 [cl-struct-emacspeak-2048-game-state
  [16 128 16 2 2 2 16 4 0 0 0 4 0 0 2 0]
  864 4 4]
 [cl-struct-emacspeak-2048-game-state
  [16 32 64 16 2 16 16 2 0 2 2 4 0 0 0 2]
  592 4 4]
 [cl-struct-emacspeak-2048-game-state
  [8 32 64 16 2 2 16 4 0 0 0 2 0 0 0 2]
  520 4 4]
 [cl-struct-emacspeak-2048-game-state
  [8 32 64 8 2 16 4 4 0 2 2 0 0 0 0 2]
  492 4 4]
 [cl-struct-emacspeak-2048-game-state
  [8 32 64 4 16 4 2 0 0 0 0 0 2 0 0 0]
  476 4 4]
 [cl-struct-emacspeak-2048-game-state
  [2 4 8 32 4 0 4 8 0 0 0 2 0 0 0 0]
  148 4 4]
 [cl-struct-emacspeak-2048-game-state
  [0 4 2 32 0 0 2 4 0 0 0 2 0 0 2 0]
  124 4 4]
 [cl-struct-emacspeak-2048-game-state
  [4 2 4 0 0 0 0 0 0 0 0 0 0 2 0 0]
  4 4 4])
)
